id	doodadid	middlemap	kind	type	position	defaultcheck	doodadtype
0	0	0		0	0	0	0
51	0	0	碑铭	0	0	0	0
51	594	0	碑铭·三十六计第一章	0	87153,8839,1056454;	0	1
51	595	0	碑铭·白虎·觜宿第六	0	86002,9112,1055939;	0	1
51	598	0	碑铭·四象生八卦下	0	39031,39131,1049659;	0	1
51	1661	0	碑铭·枪章第二	0	69012,55317,1053540;	0	1
51	600	0	碑铭·易筋经第一章	0	40351,36814,1049777;	0	1
51	602	0	碑铭·易筋经第五章	0	38084,36830,1049697;	0	1
51	603	0	碑铭·哭僧	0	37758,40104,1049634;	0	1
51	183	0	炉灶	0	"38081,37916,1049623;"	0	2
51	342	0	印染工作台	0		0	2
51	343	0	铸造工具台	0	"38037,39488,1049635;"	0	2
51	344	0	大药臼	0	"40104,40776,1049762;"	0	2
