id	npcid	middlemap	kind	type	position	defaultcheck	npctype	activityid	opactivityid	Tip
0	0	0		0	0	0	0	-1	-1	
1	0	0	地图内交通	0	0	0	0	-1	-1	
1	17591		场景内交通		86224,7382,1055401;29135,26977,1053787;12438,73056,1049372;38857,40489,1049642;68707,55488,1053514;44371,87116,1052468;13013,41474,1053116;	0	47	-1	-1	
2	0	0	跨地图交通	0	0	0	0	-1	-1	
2	2428	0	车夫	0	38642,40820,1049651;	0	17	-1	-1	
3	0	0	材料供应商	0	0	0	0	-1	-1	
3	4199	0	酱料商	0	38100,38069,1049615;	0	12	-1	-1	
3	4200	0	菜贩	0	40432,37689,1049701;	0	12	-1	-1	
5	0	0	信使	0	0	0	0	-1	-1	
5	4767	0	信使	0	38459,40804,1049648;	0	16	-1	-1	
25	0	0	杂货商	0	0	0	0	-1	-1	
25	4132	0	杂货商	0	85957,7646,1055204;	0	4	-1	-1	
25	4202	0	杂货商	0	40439,40760,1049764;	0	4	-1	-1	
25	4290	0	杂货商	0		0	4	-1	-1	
34	0	0	其他商人	0	0	0	0	-1	-1	
34	4129	0	小吃商	0	88199,6796,1055816;	0	6	-1	-1	
34	4179	0	小吃商	0	37975,37979,1049615;	0	6	-1	-1	
34	4201	0	郎中	0	39992,40803,1049730;	0	5	-1	-1	
37	0	0	装备商	0	0	0	0	-1	-1	
37	4197	0	武器商	0	37181,38333,1049645;	0	1	-1	-1	
37	4198	0	服装商	0	37513,38642,1049645;	0	2	-1	-1	
37	4203	0	远程武器商	0	37580,38722,1049645;	0	1	-1	-1	
37	4245	0	武器商	0	68725,55991,1053526;	0	1	-1	-1	
58	0	0	阵营复活点	0	0	0	0	-1	-1	
58	55713	0	恶人复活点	0	39129,75720,1054784;	0	59	-1	-1	
58	55713	0	恶人复活点	0	66156,45710,1054848;	0	59	-1	225	
58	55713	0	恶人复活点	0	60800,16536,1053056;	0	59	-1	225	
58	55714	0	浩气复活点	0	17175,54829,1054587;	0	60	-1	-1	
58	55714	0	浩气复活点	0	63673,6299,1059136;	0	60	-1	225	
58	55714	0	浩气复活点	0	73920,47986,1055040;	0	60	-1	225	
68	0	0	宠物奇遇	0	0	0	0	-1	-1	
68	51303	0	宠物奇遇	0	39807,37691,1049920;	0	74	-1	-1	
68	57929	0	宠物奇遇	0	39187,35200,1049728;	0	74	-1	-1	
