MissileControllerID	Desc	bTakeChangeVelocity	bTakeChargeModel	bChain	bReverseModel	ModelParamID	HomingParamID	ParabolaParamID	YAxisParamID	TimelineParamID	CurveParamID	RotationIgnoreY
0		0	0	0	0	0	0	0	0	1	0	0
1	暗器攻击_右手中指					1	3					
2	寇岛_点燃火炬					2	3					
3	少林蜜蜂弹					1	3					
4	万花子弹_笔攻击19_右手					3	3					
5	万花子弹_笔攻击20_右手					4	3					
6	万花子弹_笔攻击24_右手					5	3					
7	万花子弹_笔攻击29_右手					6	3					
8	万花子弹_笔攻击33_右手					7	3					
9	子弹_纯阳攻击04					8	3					
10	七秀子弹_七秀攻击19					9	3					
11	七秀子弹_七秀攻击01					10	4					
12	子弹_火箭					11	3					
13	万花子弹_笔攻击33_左手					7	2					
14	暗器攻击_左手					1	2					
15	天工坊平三指_投掷炸弹_右手					12	3					
16	空雾峰小次郎月牙刀_右手					13	3					
17	子弹_普通箭矢_右手中指					14	6					
18	南屏山任务用馒头子弹					15	6					
19	子弹_普通箭矢_右手插槽					14	8					
20	子弹_火箭(弓箭器专用)					11	9					
21	暗器攻击_右手插槽					1	8					
22	子弹_纯阳攻击05					16	8					
23	子弹_纯阳攻击06					17	8					
24	子弹_纯阳攻击07速度1.5倍					18	11					
25	子弹_纯阳攻击08					19	10					
26	子弹_纯阳攻击07从放大到缩小					20	5					
27	子弹_七秀攻击02右手					21	7					
28	子弹_七秀攻击02左手					21	12					
29	子弹_拖尾箭					22	8					
30	子弹_蓝色拖尾箭(BOSS用)					23	8					
31	子弹_白色拖尾箭(BOSS用)					24	8					
32	子弹_饭碗(BOSS用)					25	8					
33	万花子弹_笔攻击19_左手					3	2					
34	万花子弹_笔攻击20_左手					4	2					
35	万花子弹_笔攻击24_左手					5	2					
36	万花子弹_笔攻击29_左手					6	2					
37	子弹_红色拖尾(BOSS用)					26	8					
38	生活技能_蹴鞠01					28	8					
39	生活技能_蹴鞠01					29	10					
40	元旦活动用彩球（白色拖尾）					30	10					
41	元旦活动用彩球（红色拖尾）					31	10					
42	元旦活动用彩球（蓝色拖尾）					32	10					
43	元旦活动用饺子					27	3					
44	元旦活动用煤炭					33	10					
45	元旦活动用彩球（白色拖尾）150%缩放					34	10					
46	元旦活动用彩球（白色拖尾）80%缩放					35	10					
47	元旦活动用饺子					27	2					
48	子弹_暗器02_左手					36	14					
49	战宝_火球					37	16					
50	子弹_普通箭矢_左手插槽					14	14					
51	子弹_天绝华散曲					38	11					
52	子弹_封雪刃					39	6					
53	子弹_梵音劫					40	17					
54	子弹_天绝华散曲					38	17					
55	子弹_人妖之啵					41	3					
56	子弹_五毒蟾啸					55	18					
57	子弹_五毒迷心蛊					53	18					
58	子弹_五毒枯残蛊					42	18					
59	子弹_五毒夺命蛊					43	18					
60	子弹_五毒金蝉吐瑞					44	18					
61	荻花圣殿_朱蝎					45	3					
62	荻花圣殿_虎骨					46	3					
63	荻花圣殿_青蛇					47	3					
64	荻花圣殿_毒水					48	3					
65	毒神殿_紫毒瓶					49	3					
66	毒神殿_拉菌击					50	3					
67	七秀子弹_七秀通道01					51	18					
68	七秀子弹_七秀通道02					52	18					
69	子弹_五毒蝎心					54	18					
70	子弹_锄头					56	3					
71	子弹_天策弓箭					57	19					
72	子弹_万花三重弹					58	18					
73	抛物线，偏右导航器					65		4				
74	抛物线，偏左导航器					65		5				
75	抛物线，正中导航器					65		6				
76	抛物线，自动瞄准目标					65		1				
77	多阶段，最后一阶段跟追弹	1	1			65	20			3		
78	子弹_唐门_化血针					59	2					
79	子弹_唐门_孔雀翎					60	2					
80	子弹_唐门_雷震子					61		10				
81	子弹_唐门_迷神钉					62	25					
82	子弹_唐门_毒蒺藜					63	22					
83	子弹_唐门_梅花针					64	25					
84	子弹_唐门_暴雨梨花针					65		12				
85	子弹_唐门_陷空翎					66	26					
86	子弹_唐门_夺魂箭					67	15					
87	子弹_唐门_追命箭					68						
88	子弹_唐门_裂石矢					69	20					
89	子弹_唐门_穿心弩					70	15					
90	子弹_唐门_卸元箭					71	15					
91	子弹_唐门_连环弩					72						
92	子弹_唐门_逐星箭					73						
93	子弹_唐门_断魂砂					74	26					
94	子弹_唐门_蚀肌弹					75		9				
95	子弹_唐门_迅疾箭					76	15					
96	子弹_唐门_蚀肌弹					75		8				
97	子弹_唐门_蚀肌弹					75		11				
98	子弹_唐门_暴雨梨花针					65		13				
99	子弹_唐门_荆棘					77	20					
100	子弹_唐门_连环弩					79	15					
101	子弹_唐门_炮台01					80	27					
102	子弹_唐门_炮台02					81	27					
103	子弹_唐门_飞星遁影					82	15					
104	子弹_烛龙殿_迷神钉					62	28					
105	套马索					84		9				
106	虹气长空皮肤-冰刺					68	2					
107	赛马_射箭（唐门的夺魂剑）					67	29					
108	明教轻功牵引绳（左手）			1		85	30					
109	明教轻功牵引绳（右手）			1		86	31					
110	子弹_冰霜箭					87	5					
111	帮会约占射手					59	14					
112	子弹_燃火					89	32					
113	子弹_斗转之笔					90	5					
114	子弹_飞斧					91	36					
116	明教_寂镜卫					92	2					
117	明教_寒月耀					93	3					
118	子弹_火弹					94	32					
119	子弹_唐门_连环弩					79	33					
120	子弹_冰弹					95	32					
121	子弹_泥弹					96	32					
122	火尘枪					97	30					
123	生命引流					98	30					
124	明教轻功牵引绳（左手）			1	1	85	34					
125	子弹_雾影火球					100	20					
126	明教轻功牵引绳（右手）			1	1	86	35					
127	李倓_刀光子弹					92	15					
128	大明宫吸引子弹					101	36					
129	子弹_普通箭矢_停留身体3秒					14	29					
130	会长投掷武器					102	31					
131	奇穴-快雪时晴					103	18					
132	纯阳万世不竭-打身体					104	39					
133	射箭打靶子弹					105	40					
134	巨大石球					106		14				
135	天狼龙战					107	6					
136	天狼天行云					108	6					
137	门将射杀玩家（化血镖与箭矢叠加）					59	18					
138	子弹_绿球					109	11					
139	子弹_黄球					110	11					
140	子弹_蓝球					111	11					
141	子弹_真气剑					112	11					
142	子弹_金蛇					113	19					
143	年兽火焰弹					114		15				
144	年兽火焰弹					115		16				
145	丢炸弹-红					116		15				
146	丢炸弹-蓝					117	8					
147	子弹_七秀攻击01_萝莉01					118	4					
148	子弹_七秀攻击01_正太01					119	4					
149	弩车_弓箭					120	41					
150	九星连珠_熔岩球					121	10					
151	弩俑_拖尾箭					22	39					
152	秦皇陵_麒麟飞叉					122	5					
153	子弹_锄头缩放					123	3					
154	箭_神机车					124	41					
155	火箭_神机车					125	41					
156	照明弹_神机车					126	41					
157	子弹_特大快雪时晴					127	42					
158	子弹_六合独尊气剑					128		8				
159	子弹_六合独尊气剑					128		9				
160	子弹_六合独尊气剑					128		11				
161	投石车_普通石头					129		17				
162	投石车_火焰石头					136		17				
163	投石车_普通石头b					129		18				
164	投石车_火焰石头b					130		18				
165	投石车_普通石头c					129		19				
166	投石车_火焰石头c					130		19				
167	重阳活动_菊花子弹					131		9				
168	重阳活动_白色彩球					30		9				
169	狼牙投石车					130		20				
170	鲜血子弹01					132	11					
171	鲜血子弹02					133	11					
172	弓仰射					134		21				
173	弓平射					135	5					
175	发射地雷					137		22				
176	端午节鳄鱼的泡泡					138		23				
177	混沌阵意					139	43					
178	水枪泡泡					140		24				
179	子弹_长歌_徵					141	15					
180	子弹_阳春白雪					142	18					
181	长歌门射箭					135	5					
182	门改冰心					143	3					
183	门改云裳					144	3					
184	扔火把					145		25				
185	剑姬阵					146	10					
186	沙虫					147	9					
187	匍匐绳圈					148	44					
188	艺人_花雨					149		27				
189	艺人_蝴蝶					150		27				
190	艺人_雪花					151		27				
191	艺人_粒子					152		27				
192	镖师_投石问路					153		28				
193	上阳宫火箭					154		29				
194	霸刀鞘刀子弹					155	8					
195	箭_弩车_小凤					156	47					
196	火箭_弩车_小凤					157	47					
197	HD纯阳子弹1					158	48					
198	HD纯阳子弹2					159	49					
199	HD纯阳子弹3					160	51					
200	HD纯阳子弹4					161	81					
201	HD纯阳子弹5					162	8					
202	HD纯阳子弹6					163	52					
203	HD少林子弹					164	8					
204	HD纯阳子弹8					165	50					
205	HD纯阳子弹9					166	52					
206	HD少林子弹1					167	8					
207	HD纯阳子弹10					168	82					
208	HD纯阳子弹11					169	83					
209	HD商阳指子弹					170	84					
210	HD钟灵毓秀子弹					171	53					
211	HD兰摧玉折子弹					172	53					
212	HD玉石俱焚子弹					173	53					
213	HD阳明指子弹					174	53					
214	HD厥阴指子弹					175	53					
215	HD快雪时晴子弹					176	53					
216	HD少明指子弹					177	53					
217	HD芙蓉并蒂子弹					178	84					
218	HD玳弦急曲子弹					179	5					
219	HD剑气长江子弹F2					180	4					
220	HD剑气长江子弹F1					181	4					
221	HD剑气长江子弹M1					182	4					
222	HD玳弦急曲子弹1					183	5					
223	HD玳弦急曲子弹2					184	5					
224	HD唐门裂石弩					185		10				
225	HD云飞子弹					186	55					
226	万世不竭子弹1											
227	万世不竭子弹2											
228	万世不竭子弹3											
229	万世不竭子弹4											
230	万世不竭子弹5											
231	唐门扫射抛物线					188		35				
232	唐门狙击					189	56					
233	唐门平A					190	68					
234	清明射箭					192	19					
235	扔雷					193		26				
236	节日儿童节_糖果炮弹					194	39					
237	节日儿童节_绿豆炮弹					195	69					
238	节日儿童节_芝麻炮弹					196	70					
239	母体僵尸_普攻					197	16					
240	霸刀鞘刀子弹加强					198	8					
241	唐门机甲人普攻子弹					199	3					
242	春节_巡游_烟花子弹_红黄F2M2					200		37				
243	春节_巡游_烟花子弹_蓝白F2M2					201		37				
244	春节_巡游_烟花子弹_黄绿F2M2					202		37				
245	春节_巡游_糖葫芦子弹					203		25				
246	春节_巡游_烟花子弹_红黄F1					200		38				
247	春节_巡游_烟花子弹_蓝白F1					201		38				
248	春节_巡游_烟花子弹_黄绿F1					202		38				
249	春节_巡游_烟花子弹_红黄M1					200		39				
250	春节_巡游_烟花子弹_蓝白M1					201		39				
251	春节_巡游_烟花子弹_黄绿M1					202		39				
252	尘归海飞刀					204	4					
253	炸弹人炸弹					205		40				
254	moba箭塔射击子弹					206	71					
255	尘归海飞斧					207		41				
256	moba箭塔射击子弹					208	71					
257	晓烟露痕·挥酒					209	72					
258	子弹_凌雪阁增益左手					210	59					
259	子弹_凌雪阁减益左手					211	57					
260	子弹_凌雪阁增益右手					210	60					
261	子弹_凌雪阁减益右手					211	58					
262	伏火雷子弹					205	69					
263	毽子子弹1					212		42				
264	毽子子弹2					213		42				
265	毽子子弹3					214		42				
266	毽子子弹4					215		42				
267	毽子子弹5					216		42				
268	毽子子弹6					217		42				
269	金蛇锥_平飞					218	73					
270	幻蝶					219	7					
271	扇舞蝶红					220		43				
272	血扇公主					221		44				
273	金蛇锥_目标抛物线					222		45				
274	金蛇锥_固定抛物线					223		46				
275	金蛇锥_固定抛物线					224		47				
276	衍天子弹01					225	53					
277	衍天子弹01火					226	53					
278	衍天子弹01水					227	53	48				
279	衍天子弹01土					228	53					
280	衍天子弹01治疗					229	53					
281	衍天子弹02					230	53					
282	衍天子弹02火					231	53					
283	衍天子弹02水					232	53					
284	衍天子弹02土					233	53					
285	衍天子弹02治疗					234	53					
286	衍天子弹03					235	53					
287	衍天子弹03火					236	53					
288	衍天子弹03水					237	53					
289	衍天子弹03土					238	53					
290	衍天子弹皆					239	75					
291	衍天子弹者					240	53					
292	衍天子弹魂魄					241					1	
293	水枪子弹					242		26				
294	子弹_唐门_流火连星					243	63					
295	达摩洞_投掷零件					244	74					
296	蓬莱特殊武器_伞子弹					245	76					
297	龙门飞剑输出子弹					246	77					
298	投雪车雪球					247		49				
299	丢普通雪球					248	78					
300	丢大雪球					249		50				
301	连弩特殊子弹					250	27					
302	重弩特殊子弹					251	27					
303	浪客行技能_竖悬针_黑子弹					252	79					
304	浪客行技能_伏龙游第四段蓄力_紫色龙子弹					253	80					
305	黑山林海烟雾弹					254		15				
306	黑山林海大毒尸子弹					255		51				
307	应援爱心					256		52				
308	萤焰虫					257		15				
309	北天药宗子弹奚毒射罔					258	64					
310	乌蒙贵尸骨掌法玩家间子弹					259	36					
311	盗宝贼道具1子弹					260		26				
312	盗宝贼aoe击倒子弹					261		26				
313	盗宝贼aoe击倒plus子弹					262		26				
314	北天药宗子弹商陆其根					263	65					
316	北天药宗子弹钩吻断肠					265	65					
317	北天药宗子弹青圃着尘1					266		53				1
318	北天药宗子弹青圃着尘2					267		54				1
319	北天药宗子弹青圃着尘3					268		55				1
320	北天药宗子弹青圃着尘4					269		56				1
321	北天药宗子弹青圃着尘5					270		57				1
322	北天药宗子弹青圃着尘6					271		58				1
323	衍天子弹01					272	53					
324	七秀扇子子弹					273	77					
325	天原绝境天玄冰					274	77					
326	盗宝贼易伤子弹					275		26				
327	百战异闻录_幽冥指					276	3					
328	百战异闻录_火魅指					277	3					
329	百战异闻录_尸鬼封烬					279	3					
330	百战异闻录_五灵符文金					280	3					
331	百战异闻录_五灵符文木					281	3					
332	百战异闻录_五灵符文水					282	3					
333	百战异闻录_五灵符文火					283	3					
334	百战异闻录_五灵符文土					284	3					
335	百战异闻录_皓莲望月					278	3					
336	百战异闻录_麝鹿续命丸					285		29				
337	百战异闻录_土灵道符					286	3					
338	百战异闻录_气刃法					287	3					
339	百战异闻录_斗转金移					288	3					
340	百战异闻录_空穴来风					289		45				
341	百战异闻录_炼蛇花普攻					290	9					
342	百战异闻录_伤寒刺骨针					291	3					
343	喜羊羊搅屎棍_扔屎					292		59				
344	灰太狼平底锅_甩锅					293		59				
345	唐小珂子弹01					294	25					
346	唐小珂子弹02					295	25					
347	唐小珂子弹03					296	25					
348	唐小珂子弹04					297	25					
349	烂柯山_势在必得_投壶					298		36				
350	烂柯山_晦明堂_投壶					299		36				
351	刀宗身形吸收(快速)					300					4	
352	刀宗身形吸收(慢速)					301					5	
353	百战异闻录_冰魄针					302	3					
354	竹筒烟花子弹1					303		61				
355	竹筒烟花子弹2					304		62				
356	竹筒烟花子弹3					305		63				
357	竹筒烟花子弹4					306		64				
358	天策射箭子弹					307	85					
359	蝎心皮肤子弹					308	18					
360	百战异闻录_毒指功					309	3					
361	子弹_唐门_暴雨梨花针					310		12				
362	子弹_唐门_暴雨梨花针					310		13				
363	灯会_飞镖					311		65				
364	武狱黑牢_时风飞刃					312	86					
365	月嘉禾轻击一					313	18					
366	月嘉禾轻击二					314	18					
367	月嘉禾轻击三					315	18					
368	百战异闻录_水遁水流闪					316	3					
369	百战异闻录_三个铜钱					317	3					
370	HD芙蓉并蒂子弹_皮肤					318	53					
371	HD纯阳子弹1_皮肤					319	48					
372	神龟驮福_铜钱					320		36				
373	技能组预留											
374	万灵山庄射击					322	87					
376	九老洞_月泉淮_MVP传递子弹					324	5					
377	乌龟子弹					325		36				
378	白虹大子弹					326						
379	纯阳紫气回剑子弹					327					6	
380	洛丹_红宝石					328	2					
381	洛丹_绿宝石					329	3					
382	洛丹_蓝宝石					330	3					
383	银霜口_玩具_雪枪					331	3	1				
384	百战芙蓉2.0皮肤子弹					332	53					
385	百战两仪2.0皮肤子弹					333	48					
386	段氏指法1					335	89					
387	段氏指法2					336	89					
388	段氏指法3					337	90					
389	段氏指法4					334	89					
390	段氏指法奇穴					338	90					
391	剑舞反弹子弹					339	3					
392	段氏风刃子弹					341	51					
393	扔瓜子弹					342		66				
394	南诏段氏_瓦猫庙_子弹					343		36				
395	段氏子弹5b					338	89					
396	扔盐子弹					344		66				
397	乾坤一掷子弹					345	2					
398	洇墨子弹					346	91					
399	百战异闻录_玉魄惊鸾					348	4					
400	百战异闻录_剑飞惊天					347	3					
401	段氏风刃子弹慢					341	92					
402	百战异闻录_公孙二娘_霞袖回春子弹					349	4					
403	万灵山庄劲风簇子弹					350	87					
404	HD缚影子弹					358	53					
405	丐帮苍龙戾天子弹					359	38					
406	HD勾线子弹					361	93					
407	子弹_唐门_炮台01快					80	88					
408	子弹_唐门_炮台02快					81	88					
409	毒经虫魄					365	5					
410	HD勾线子弹偏移45					361	96					
411	HD勾线子弹偏移90					361	97					
412	HD勾线子弹偏移135					361	98					
413	HD普攻子弹					366	94					
414	HD驻云飞子弹					368	95					
415	龙跃于渊灼烧子弹					370					7	
416	大箭矢					371	85					
417	小箭矢					372	85					
418	林海_化血镖子弹					373	2					
419	百战异闻录_竹菱镖					374	28					
420	百战异闻录_含笑半步癫					375	4					
421	缚罪之渊_阿萨辛_传火					376	23					
422	虹气长空皮肤-大富翁					380	2					
423	明教_戒火斩_皮肤子弹					381		67				
435	爱心子弹					390	99					
