MissilePhaseID	FrameX_0	FrameY_0	FrameZ_0	FrameX_1	FrameY_1	FrameZ_1	FrameX_2	FrameY_2	FrameZ_2	FrameX_3	FrameY_3	FrameZ_3	FrameX_4	FrameY_4	FrameZ_4	FrameX_5	FrameY_5	FrameZ_5	FrameX_6	FrameY_6	FrameZ_6	FrameX_7	FrameY_7	FrameZ_7	FrameX_8	FrameY_8	FrameZ_8	FrameX_9	FrameY_9	FrameZ_9	FrameX_10	FrameY_10	FrameZ_10	FrameX_11	FrameY_11	FrameZ_11	FrameX_12	FrameY_12	FrameZ_12	FrameX_13	FrameY_13	FrameZ_13	FrameX_14	FrameY_14	FrameZ_14	FrameX_15	FrameY_15	FrameZ_15	FrameX_16	FrameY_16	FrameZ_16	FrameX_17	FrameY_17	FrameZ_17	FrameX_18	FrameY_18	FrameZ_18	FrameX_19	FrameY_19	FrameZ_19	FrameX_20	FrameY_20	FrameZ_20	FrameX_21	FrameY_21	FrameZ_21	FrameX_22	FrameY_22	FrameZ_22	FrameX_23	FrameY_23	FrameZ_23	FrameX_24	FrameY_24	FrameZ_24
0	0	0	0	0	0	0	0	0	0	0	0	0	0	0	0	0	0	0	0	0	0	0	0	0	0	0	0	0	0	0	0	0	0	0	0	0	0	0	0	0	0	0	0	0	0	0	0	0	0	0	0	0	0	0	0	0	0	0	0	0	0	0	0	0	0	0	0	0	0	0	0	0	0	0	0
1	-64	48	736	-96	80	656	-128	96	640	-144	112	640	-144	160	640	-96	160	640	-48	160	640	16	160	656	64	160	672	96	160	672	160	160	704	176	144	720	176	112	720	176	80	736	176	48	752	176	32	768	160	0	768	128	-48	768	80	-64	768	32	-80	768	-48	-80	768	-112	-64	768	-160	-48	768	-208	0	768	-224	32	768
2	0	48	736	64	64	736	96	80	736	144	80	736	144	128	736	144	160	736	144	176	736	144	208	736	128	224	736	128	240	736	48	240	736	-16	240	736	-64	240	736	-96	240	736	-160	240	736	-208	240	736	-256	240	736	-256	192	736	-256	160	736	-256	128	736	-256	112	736	-208	112	736	-128	112	736	-80	112	736	-32	112	736
3	0	48	608	64	64	608	96	80	576	112	96	592	128	112	624	128	128	656	144	144	672	144	160	688	144	176	704	160	192	736	160	208	768	160	224	768	160	240	768	160	256	768	160	272	752	128	272	736	80	272	672	64	272	624	0	272	608	-32	272	624	-64	272	624	-96	272	672	-128	272	704	-192	272	688	-240	272	656
4	-32	32	656	-80	0	640	-128	-48	656	-176	-80	720	-208	-80	688	-240	-64	672	-256	-16	656	-256	48	672	-240	80	704	-224	112	688	-192	112	704	-192	128	736	-176	128	704	-160	144	688	-128	144	720	-96	160	672	-48	176	672	0	176	720	48	192	736	96	192	704	128	192	720	176	208	736	192	208	752	224	208	752	256	176	768
5	0	64	800	96	128	656	208	192	672	208	208	688	112	192	672	-80	176	720	-176	160	656	-224	112	640	-256	0	640	-128	-112	704	-64	-112	656	32	-112	608	96	-80	672	176	-32	704	192	16	672	192	64	656	192	80	624	80	80	624	-16	96	672	-144	80	704	-176	48	656	-160	0	592	-144	-16	672	-64	-16	720	16	-16	736
6	256	240	752	224	224	688	208	208	640	192	208	640	160	192	640	112	176	656	80	160	704	64	128	736	32	96	752	16	80	752	0	80	752	-16	80	752	-288	256	752	-240	240	688	-224	224	656	-192	208	672	-160	176	704	-128	144	704	-112	112	704	-96	96	656	-80	80	640	-48	64	672	-32	64	704	-16	64	720	-32	48	768
7	-48	48	736	-144	48	640	-176	64	672	-192	64	656	-160	112	656	-128	128	736	-80	144	752	-48	144	720	16	144	688	96	128	704	144	128	752	160	128	640	176	96	640	160	80	624	144	64	656	112	0	720	128	-64	736	80	-96	752	16	-96	768	-112	-80	768	-176	-80	768	-224	-48	688	-256	-96	656	-272	-128	608	-224	-144	608
8	-32	16	784	-80	0	768	-112	0	768	-144	-32	768	-176	-96	768	-176	-112	752	-64	-112	704	0	-112	688	112	-112	672	176	-96	656	208	-80	656	176	-64	656	96	-32	656	64	0	656	32	16	656	32	48	656	112	112	688	160	160	688	176	176	704	64	176	720	-16	176	736	-80	176	752	-144	160	752	-144	144	768	-96	112	768
9	-32	32	656	-80	0	640	-128	-48	656	-176	-80	720	-208	-80	688	-240	-64	672	-256	-16	656	-256	48	672	-240	80	704	-224	112	688	-192	112	704	-192	128	736	-176	128	704	-160	144	688	-128	144	720	-96	160	672	-48	176	672	0	176	720	48	192	736	96	192	704	128	192	720	176	208	736	192	208	752	224	208	752	256	176	768
10	-32	32	656	-80	0	640	-128	-48	656	-176	-80	720	-208	-80	688	-240	-64	672	-256	-16	656	-256	48	672	-240	80	704	-224	112	688	-192	112	704	-192	128	736	-176	128	704	-160	144	688	-128	144	720	-96	160	672	-48	176	672	0	176	720	48	192	736	96	192	704	128	192	720	176	208	736	192	208	752	224	208	752	256	176	768
11	-32	32	656	-80	0	640	-128	-48	656	-176	-80	720	-208	-80	688	-240	-64	672	-256	-16	656	-256	48	672	-240	80	704	-224	112	688	-192	112	704	-192	128	736	-176	128	704	-160	144	688	-128	144	720	-96	160	672	-48	176	672	0	176	720	48	192	736	96	192	704	128	192	720	176	208	736	192	208	752	224	208	752	256	176	768
12	-32	32	656	-80	0	640	-128	-48	656	-176	-80	720	-208	-80	688	-240	-64	672	-256	-16	656	-256	48	672	-240	80	704	-224	112	688	-192	112	704	-192	128	736	-176	128	704	-160	144	688	-128	144	720	-96	160	672	-48	176	672	0	176	720	48	192	736	96	192	704	128	192	720	176	208	736	192	208	752	224	208	752	256	176	768
13	-32	32	656	-80	0	640	-128	-48	656	-176	-80	720	-208	-80	688	-240	-64	672	-256	-16	656	-256	48	672	-240	80	704	-224	112	688	-192	112	704	-192	128	736	-176	128	704	-160	144	688	-128	144	720	-96	160	672	-48	176	672	0	176	720	48	192	736	96	192	704	128	192	720	176	208	736	192	208	752	224	208	752	256	176	768
