EffectResultID	EffectType	EffectID	Note
0	0	0	
1	0	70	
1	10	70	
2	0	2	
2	10	2	
5	0	75	
5	10	75	
6	0	76	
6	10	60	
8	0	8	
8	10	8	
10	0	4	
10	10	4	
11	0	11	
11	10	11	
12	0	12	
12	10	12	
13	0	13	
13	10	13	
14	0	14	
14	10	14	
15	0	77	
15	10	61	
16	0	16	
16	10	16	
17	0	17	
17	10	17	
18	0	18	
18	10	18	
19	0	19	
19	10	19	
20	0	76	
20	10	60	
21	0	21	
21	10	21	
22	0	22	
22	10	22	
23	0	23	
23	10	23	
24	0	24	
24	10	24	
25	0	10	
25	10	11	
26	0	26	
26	10	26	
27	0	27	
27	10	27	
28	0	28	
28	10	28	
29	0	29	
29	10	29	
30	0	30	
30	10	30	
35	0	75	
35	10	75	
40	0	75	
40	10	75	
45	0	75	
45	10	75	
50	0	75	
50	10	75	
52	0	52	
52	10	52	
55	0	75	
55	10	75	
60	0	75	
60	10	75	
65	0	75	
65	10	75	
70	0	75	
70	10	75	
88	0	88	
89	0	89	
90	0	90	
91	0	91	
92	0	92	
93	0	93	
94	0	94	
95	0	95	
101	0	101	
101	10	101	
130	0	130	
130	10	130	
131	0	131	
131	10	131	
132	0	132	
132	10	132	
133	0	133	
133	10	133	
134	0	134	
134	10	134	
137	0	137	
137	10	137	
138	0	138	
138	10	138	
139	0	139	
139	10	139	
140	0	140	
140	10	140	
141	0	141	
141	10	141	
142	0	142	
142	10	142	
143	0	143	
143	10	143	
145	0	145	
146	0	146	
146	10	146	
147	0	147	
148	0	148	
148	10	148	
150	0	150	
150	10	150	
179	0	179	
179	10	179	
180	0	180	
180	10	180	
181	0	181	
181	10	181	
182	0	182	
182	10	182	
183	0	183	
183	10	183	
184	0	184	
184	10	184	
186	0	186	
186	10	186	
187	0	187	
187	10	187	
188	0	188	
188	10	188	
189	0	189	
189	10	189	
190	0	190	
190	10	190	
191	0	191	
191	10	191	
192	0	192	
192	10	192	
200	0	30	
200	10	30	
209	0	55	
209	10	55	
210	0	100	
210	10	100	
213	0	105	
213	10	105	
214	0	111	
214	10	111	
215	0	111	
215	10	111	
218	0	106	
218	10	106	
219	0	70	
219	10	70	
220	0	109	
220	10	109	
223	0	109	
223	10	109	
301	0	301	
302	0	302	
303	0	303	
305	0	305	
306	0	306	
309	0	309	
310	0	310	
311	0	311	
312	0	312	
313	0	313	
314	0	314	
315	0	315	
364	0	364	
365	0	365	
366	0	366	
367	0	367	
368	0	368	
369	0	369	
370	0	370	
400	0	400	
401	0	401	
402	0	402	
403	0	403	
415	0	415	
420	0	420	
424	0	424	
479	0	479	
480	0	480	
482	0	482	
543	0	543	
545	0	545	
547	0	547	
549	0	549	
551	0	551	
553	0	553	
561	0	561	
562	0	562	
563	0	563	
564	0	564	
565	0	565	
566	0	566	
567	0	567	
568	0	568	
569	0	569	
575	0	575	
600	0	600	
600	5	602	
600	10	604	
600	15	606	
600	20	608	
610	0	610	
610	5	612	
610	10	614	
610	15	616	
610	20	618	
620	0	620	
620	5	622	
620	10	624	
620	15	626	
620	20	628	
700	0	700	
700	5	702	
700	10	704	
700	15	706	
700	20	708	
710	0	710	
710	5	712	
710	10	714	
710	15	716	
710	20	718	
720	0	720	
720	5	722	
720	10	724	
720	15	726	
720	20	728	
730	0	730	
730	5	732	
730	10	734	
730	15	736	
730	20	738	
740	0	740	
740	5	742	
740	10	744	
740	15	746	
740	20	748	
750	0	750	
781	0	781	
800	0	800	
801	0	801	
802	0	802	
803	0	803	
807	0	807	
808	0	808	
809	0	809	
810	0	810	
811	0	811	
812	0	812	
813	0	813	
814	0	814	
815	0	815	
816	0	816	
817	0	817	
818	0	818	
1029	0	1029	
1680	0	1680	
5000	0	5000	
5001	0	5070	
5001	10	5070	
5002	0	5002	
5002	10	5002	
5005	0	5075	
5005	10	5075	
5006	0	5076	
5006	10	5060	
5008	0	5008	
5008	10	5008	
5010	0	5004	
5010	10	5004	
5011	0	5011	
5011	10	5011	
5012	0	5012	
5012	10	5012	
5013	0	5013	
5013	10	5013	
5014	0	5014	
5014	10	5014	
5015	0	5077	
5015	10	5061	
5016	0	5016	
5016	10	5016	
5017	0	5017	
5017	10	5017	
5018	0	5018	
5018	10	5018	
5019	0	5019	
5019	10	5019	
5020	0	5076	
5020	10	5060	
5021	0	5021	
5021	10	5021	
5022	0	5022	
5022	10	5022	
5023	0	5023	
5023	10	5023	
5024	0	5024	
5024	10	5024	
5025	0	5010	
5025	10	5011	
5026	0	5026	
5026	10	5026	
5027	0	5027	
5027	10	5027	
5028	0	5028	
5028	10	5028	
5029	0	5029	
5029	10	5029	
5030	0	5030	
5030	10	5030	
5035	0	5075	
5035	10	5075	
5040	0	5075	
5040	10	5075	
5045	0	5075	
5045	10	5075	
5050	0	5075	
5050	10	5075	
5055	0	5075	
5055	10	5075	
5060	0	5075	
5060	10	5075	
5065	0	5075	
5065	10	5075	
5070	0	5075	
5070	10	5075	
5101	0	5101	
5101	10	5101	
5130	0	5130	
5130	10	5130	
5131	0	5131	
5131	10	5131	
5132	0	5132	
5132	10	5132	
5133	0	5133	
5133	10	5133	
5134	0	5134	
5134	10	5134	
5137	0	5137	
5137	10	5137	
5138	0	5138	
5138	10	5138	
5139	0	5139	
5139	10	5139	
5140	0	5140	
5140	10	5140	
5141	0	5141	
5141	10	5141	
5142	0	5142	
5142	10	5142	
5143	0	5143	
5143	10	5143	
5179	0	5179	
5179	10	5179	
5180	0	5180	
5180	10	5180	
5181	0	5181	
5181	10	5181	
5182	0	5182	
5182	10	5182	
5183	0	5183	
5183	10	5183	
5184	0	5184	
5184	10	5184	
5186	0	5186	
5186	10	5186	
5187	0	5187	
5187	10	5187	
5188	0	5188	
5188	10	5188	
5189	0	5189	
5189	10	5189	
5190	0	5190	
5190	10	5190	
5200	0	5030	
5200	10	5030	
5209	0	5055	
5209	10	5055	
5210	0	5100	
5210	10	5100	
5213	0	5105	
5213	10	5105	
5214	0	5111	
5214	10	5111	
5215	0	5111	
5215	10	5111	
5218	0	5106	
5218	10	5106	
5219	0	5070	
5219	10	5070	
5220	0	5109	
5220	10	5109	
5223	0	5109	
5223	10	5109	
5301	0	5301	
5305	0	5305	
5306	0	5306	
5310	0	5311	
5311	0	5311	
5312	0	5312	
5313	0	5313	
5314	0	5314	
5315	0	5315	
5400	0	5400	
5415	0	5415	
5810	0	5800	
5811	0	5811	
6000	0	6000	
6001	0	6001	
6002	0	6002	
6003	0	6003	
6004	0	6004	
6005	0	6005	
6006	0	6006	
6007	0	6007	
6008	0	6008	
6009	0	6009	
6010	0	6010	
6011	0	6011	
6012	0	6012	
6013	0	6013	
6500	0	6500	
6501	0	6501	
6502	0	6502	
6503	0	6503	
6504	0	6504	
6505	0	6505	
7109	0	7109	
7110	0	112	
7154	0	7154	
7165	0	7165	
7167	0	7167	
7168	0	7168	
7169	0	7169	
7170	0	7170	
7195	0	7195	
7209	0	7209	
7277	0	7277	
7281	0	7281	
7500	0	7500	
7501	0	7501	
7502	0	7502	
7503	0	7503	
7504	0	7504	
7505	0	7505	
7506	0	7506	
7507	0	7507	
7508	0	7508	
7509	0	7509	
7510	0	7510	
7511	0	7511	
7512	0	7512	
7513	0	8001	
7513	10	8001	
7514	0	8002	
7514	10	8002	
7515	0	7513	
8000	0	8000	
8000	10	8000	
8001	0	420	
8001	10	420	
8002	0	420	
8002	10	420	
8003	0	420	
8003	10	420	
8004	0	420	
8004	10	420	
8005	0	8003	
8006	0	8004	
8007	0	8005	
8008	0	8006	
8009	0	8007	
8010	0	8008	
8011	0	8009	
8012	0	8010	
8013	0	8011	
8014	0	8012	
8015	0	8013	
8016	0	8014	
8017	0	8015	
8018	0	8016	
8019	0	8017	
8020	0	8018	
8021	0	8019	
8022	0	8020	
8023	0	8021	
8024	0	8022	
8025	0	8023	
8026	0	8024	
8027	0	8025	
8028	0	8026	
8029	0	8027	
8030	0	8028	
8031	0	8029	
8032	0	8030	
8033	0	8031	
8034	0	8032	
8037	0	8037	
8038	0	8038	
8039	0	8039	
8040	0	8040	
8041	0	8041	
8042	0	8042	
8043	0	8043	
8044	0	8044	
8045	0	8045	
8100	0	8100	
8101	0	8101	
8102	0	8102	
8103	0	8103	
8104	0	8104	
8105	0	8105	
8106	0	8106	
8107	0	8107	
8108	0	8108	
8109	0	8109	
8110	0	8110	
8111	0	8111	
8112	0	8112	
8113	0	8113	
8114	0	8114	
8115	0	8115	
8116	0	8116	
8117	0	8117	
8118	0	8118	
8119	0	8119	
8120	0	8120	
8121	0	8121	
8122	0	8122	
8123	0	8123	
8124	0	8124	
8125	0	8125	
8126	0	8126	
8127	0	35	
8128	0	8128	
8129	0	8129	
8130	0	8130	
8131	0	8131	
8132	0	8132	
8133	0	8133	
8134	0	8134	
8135	0	8135	
8136	0	8136	
8137	0	8137	
8138	0	8138	
8139	0	8139	
8140	0	8140	
8141	0	8141	
8142	0	8142	
8143	0	8143	
8144	0	8144	
8145	0	8145	
8146	0	8146	
8147	0	8147	
8148	0	8148	
8149	0	8149	
8150	0	8150	
8152	0	8152	
8153	0	8153	
8154	0	8154	
8155	0	8155	
8156	0	8156	
8157	0	8157	
8158	0	8158	
8159	0	8159	
8160	0	8160	
8161	0	8161	
8162	0	8162	
8163	0	8163	
8164	0	8164	
8165	0	8165	
8166	0	8166	
8167	0	8167	
8168	0	8168	
8169	0	8169	
8170	0	8170	
8171	0	8171	
8172	0	8172	
8173	0	8173	
8174	0	8174	
8175	0	8175	
8176	0	8176	
8177	0	8177	
8178	0	8178	
8179	0	8179	
8180	0	8180	
8181	0	8181	
8182	0	8182	
8183	0	8183	
8184	0	8184	
8185	0	8185	
8186	0	8186	
8187	0	8187	
8188	0	8188	
8189	0	8189	
8190	0	8190	
8191	0	8191	
8192	0	8192	
8193	0	8193	
8194	0	8194	
8195	0	8195	
8196	0	8196	
8197	0	8197	
8198	0	8198	
8199	0	8199	
8200	0	8200	
8201	0	8201	
8202	0	8202	
8203	0	8203	
8204	0	8204	
8205	0	8205	
8206	0	8206	
8207	0	8207	
8208	0	8208	
8209	0	8209	
8210	0	8210	
8211	0	8211	
8212	0	8212	
8213	0	8213	
8214	0	8214	
8215	0	8215	
8216	0	8216	
8217	0	8217	
8218	0	8218	
8219	0	8219	
8221	0	8221	
8222	0	8222	
8223	0	8223	
8224	0	8224	
8225	0	8225	
8226	0	8226	
8227	0	8227	
8228	0	8228	
8229	0	8229	
8233	0	8233	
8234	0	8234	
8276	0	8276	
8277	0	8277	
8306	0	8306	
8307	0	8307	
8308	0	8308	
8309	0	8309	万花墨海被击
8311	0	8311	
8312	0	8312	
8315	0	8315	
8316	0	8316	
8317	0	8317	
8318	0	8318	
8319	0	8319	
8321	0	8321	盐击
8322	0	8322	
8323	0	8323	霸刀_鸣震_风车被击
8324	0	8324	刀宗_弱点_击破
8325	0	8325	移动端_局针被击
8326	0	8326	百战异闻录_霞袖回春被击
8328	0	8328	
8329	0	8329	
8330	0	8330	
8331	0	8331	
8332	0	8332	
8333	0	8333	
8334	0	8334	
8335	0	8335	
8336	0	8336	
8337	0	8337	
8338	0	8338	
8340	0	8340	
8342	0	8342	
8343	0	8343	
8344	0	8344	
8349	0	8349	
8350	0	8350	
8352	0	8352	
8353	0	8353	
8354	0	8354	
8356	0	8356	
8357	0	8357	
8358	0	8358	
8359	0	8359	
8361	0	8361	
8362	0	8362	
8364	0	8364	
8365	0	8365	
8367	0	8367	
8368	0	8368	
8369	0	8369	
8370	0	8370	
8371	0	8371	
8372	0	8372	
