len 1983208
BuffID	Level	IconID	Sparking	ShowTime	Show	Remark	Name	Desc	IsAddPeriod	TypeIconID	MbSpecialShow	MbSpecialShowPriority	MbCantRebirth	MbIsShow	bCollapse	nMbUIListPriority	nUIBuffType

0	0	0	1	1	1	(0)(0)	Buff=1锛孌ebuff=2锛孌ot=3锛孒ot=4	BuffType鍙栧€?1								

1	0	0	1	1	1	(1)(0)	Buff=1锛孌ebuff=2锛孌ot=3锛孒ot=4	BuffType鍙栧€?1								

5	1	0	1	1	1	(5)(1)	Buff=1锛孌ebuff=2锛孌ot=3锛孒ot=4	BuffType鍙栧€?1								

5	2	0	1	1	1	(5)(2)	Buff=1锛孌ebuff=2锛孌ot=3锛孒ot=4	BuffType鍙栧€?1								

101	1	0	1	1	1	(101)(1)绛栧垝榛樿椤?闈炵▼搴忛粯璁よ)	Buff=1锛孌ebuff=2锛孌ot=3锛孒ot=4	BuffType鍙栧€?1								

102	1	8	1	1	1	(102)(1)	閲戦挓鎶や綋	鍙嶅脊涓夋垚澶栧姛浼ゅ	1								

103	1	533	0	0	1	(103)(1)鎵撳潗	璋冩伅	鐪熸皵鍦ㄧ粡鑴変腑杩愯锛屽厓姘旇繀閫熷緱鍒版仮澶?1								

104	1	22	1	1	1	(104)(1)娴韩	娴韩	鑷繁鍙樿交浜嗭紝鍙互璺冲緱鏇撮珮	1								

105	1	22	1	1	1	(105)(1)	韪忎簯	鍙互鍦ㄧ┖涓烦璺冧袱娆?1								

106	1	532	1	1	1	(106)(1)鍔犻€?绁炶	绉诲姩閫熷害鎻愰珮100%	1								

107	1	17	1	1	1	(107)(1)鍔涢噺鎻愬崌	鍔涢噺鎻愬崌	鍔涢噺鎻愰珮10鐐?1								

108	1	17	1	1	1	(108)(1)浣縉PC鏃犳硶鍙戠幇鑷繁	閬佸奖	閬佸舰浜庡奖锛屽懆鍥寸殑浜轰笉鑳藉療瑙夊埌浣?1							998	

109	1	16	1	1	1	(109)(1)璋冩暣NPC璀︽垝鑼冨洿	骞抽潤	鐤忎簬鎴掑	1								

110	1	22	1	1	1	(110)(1)淇敼NPC璀︽垝鑼冨洿	瀹夋姎蹇冪伒	浣挎晫瀵圭敓鐗╁鑷繁鐨勮鎴掕寖鍥村彉灏?1								

112	0	414	1	1	1	(112)(0)娓呭績闈欐皵	娓呭績闈欐皵	鍩虹姘旇鏈€澶у€兼彁楂?BUFF atMaxLifeAdditional>鐐?1						1		

112	1	414	1	1	1	(112)(1)娓呭績闈欐皵	娓呭績闈欐皵	鍩虹姘旇鏈€澶у€兼彁楂?.5%	1						1		

112	2	414	1	1	1	(112)(2)娓呭績闈欐皵	娓呭績闈欐皵	鍩虹姘旇鏈€澶у€兼彁楂?%	1						1		

112	3	414	1	1	1	(112)(3)娓呭績闈欐皵	娓呭績闈欐皵	鍩虹姘旇鏈€澶у€兼彁楂?.5%	1						1		

112	4	414	1	1	1	(112)(4)娓呭績闈欐皵	娓呭績闈欐皵	鍩虹姘旇鏈€澶у€兼彁楂?%	1						1		

112	5	414	1	1	1	(112)(5)娓呭績闈欐皵	娓呭績闈欐皵	鍩虹姘旇鏈€澶у€兼彁楂?.5%	1						1		

112	6	414	1	1	1	(112)(6)娓呭績闈欐皵	娓呭績闈欐皵	鍩虹姘旇鏈€澶у€兼彁楂?%	1						1		

112	7	414	1	1	1	(112)(7)娓呭績闈欐皵	娓呭績闈欐皵	鍩虹姘旇鏈€澶у€兼彁楂?.5%	1						1		

112	8	414	1	1	1	(112)(8)娓呭績闈欐皵	娓呭績闈欐皵	鍩虹姘旇鏈€澶у€兼彁楂?%	1						1		

112	9	414	1	1	1	(112)(9)娓呭績闈欐皵	娓呭績闈欐皵	鍩虹姘旇鏈€澶у€兼彁楂?0%	1		0	0	0	0	1		

113	1	1525	1	1	1	(113)(1)纰ф按婊斿ぉ	纰ф按婊斿ぉ	姣忕鎭㈠姘旇鏈€澶у€肩殑3%	1								

113	2	1525	1	1	1	(113)(2)纰ф按婊斿ぉ	纰ф按婊斿ぉ	姣忕鎭㈠鍐呭姏鍙婃皵琛€鏈€澶у€肩殑6%	1								

115	1	338	1	1	1	(115)(1)绛夊緟鏃堕棿	绛夊緟鏃堕棿	绛夊緟瀵规柟绉诲姩妫嬪瓙	1								

116	1	16	1	1	1	(116)(1)	鎽嗘憡	鎽嗘憡鍙崠	1								

117	0	429	0	0	1	(117)(0)	涓嶅姩鑾插崕闃电涓€閲?浣撹川鎻愰珮<BUFF atVitalityBase>鐐?1								

121	1	1490	1	1	1	(121)(1)鍗囧ぉ	鍗囧ぉ	姝ｅ湪鍗囧ぉ	1								

122	0	413	1	1	1	(122)(0)鏄ユ偿鎶よ姳	鏄ユ偿鎶よ姳	浣垮叾鍙楀埌浼ゅ闄嶄綆<BUFF_EX 1024 atGlobalResistPercent>%锛岃鏀诲嚮鍒欐秷鑰椾竴灞傦紙姣?.5绉掓渶澶氳Е鍙戜竴娆★級锛屾瘡娑堣€椾竴灞傚垯鍥炲3%姘旇鍊?1								666

122	1	413	1	1	1	(122)(1)鏄ユ偿鎶よ姳	鏄ユ偿鎶よ姳	浣垮叾鍙楀埌浼ゅ闄嶄綆28%锛岃鏀诲嚮鍒欐秷鑰椾竴灞傦紝姣忔秷鑰椾竴灞傚垯鍥炲3%姘旇鍊?1								666

122	2	413	1	1	1	(122)(2)鏄ユ偿鎶よ姳	鏄ユ偿鎶よ姳	浣垮叾鍙楀埌浼ゅ闄嶄綆30%锛岃鏀诲嚮鍒欐秷鑰椾竴灞傦紝姣忔秷鑰椾竴灞傚垯鍥炲3%姘旇鍊?1								666

122	3	413	1	1	1	(122)(3)鏄ユ偿鎶よ姳	鏄ユ偿鎶よ姳	浣垮叾鍙楀埌浼ゅ闄嶄綆32%锛岃鏀诲嚮鍒欐秷鑰椾竴灞傦紝姣忔秷鑰椾竴灞傚垯鍥炲3%姘旇鍊?1								666

122	4	413	1	1	1	(122)(4)鏄ユ偿鎶よ姳	鏄ユ偿鎶よ姳	浣垮叾鍙楀埌浼ゅ闄嶄綆34%锛岃鏀诲嚮鍒欐秷鑰椾竴灞傦紝姣忔秷鑰椾竴灞傚垯鍥炲3%姘旇鍊?1								666

122	5	413	1	1	1	(122)(5)鏄ユ偿鎶よ姳	鏄ユ偿鎶よ姳	浣垮叾鍙楀埌浼ゅ闄嶄綆36%锛岃鏀诲嚮鍒欐秷鑰椾竴灞傦紝姣忔秷鑰椾竴灞傚垯鍥炲3%姘旇鍊?1								666

122	6	413	1	1	1	(122)(6)鏄ユ偿鎶よ姳	鏄ユ偿鎶よ姳	浣垮叾鍙楀埌浼ゅ闄嶄綆38%锛岃鏀诲嚮鍒欐秷鑰椾竴灞傦紝姣忔秷鑰椾竴灞傚垯鍥炲3%姘旇鍊?1								666

122	7	413	1	1	1	(122)(7)鏄ユ偿鎶よ姳	鏄ユ偿鎶よ姳	浣垮叾鍙楀埌浼ゅ闄嶄綆55%锛岃鏀诲嚮鍒欐秷鑰椾竴灞傦紝姣忔秷鑰椾竴灞傚垯鍥炲3%姘旇鍊?1								

124	1	407	1	1	1	(124)(1)鑺辫閰ュ績	鑺辫閰ュ績	姣忕鎭㈠姘旇鏈€澶у€肩殑6%	1								

126	1	1521	1	1	1	(126)(1)姣拡	姣拡	澶栧姛闃插尽绛夌骇鎻愰珮<BUFF atPhysicsShieldBase>锛岃鏀诲嚮鍒欏幓鎺変竴灞傚苟鎭㈠<Skill 5798 0 4%><Skill 5798 1 6%>鏈€澶ф皵琛€鍊?1								

126	2	1521	1	1	1	(126)(2)姣拡	姣拡	澶栧姛闃插尽绛夌骇鎻愰珮<BUFF atPhysicsShieldBase>锛岃鏀诲嚮鍒欏幓鎺変竴灞傚苟鎭㈠<Skill 5798 0 4%><Skill 5798 1 6%
