556	0	1438	1	1	1	(556)(0)涓冩槦鎷辩憺	涓冩槦鎷辩憺	瀹氳韩锛屾皵琛€鎭㈠閫熷害鎻愰珮	1								

554	0	629	1	1	1	(554)(0)澶ч亾鏃犳湳	澶ч亾鏃犳湳	瀹氳韩	1								

682	1	1506	1	1	1	(682)(1)闆烽渾闇囨€?闆烽渾闇囨€?鐪╂檿锛屼笉鍙椾换浣曞鐩婂拰浼ゅ鏁堟灉褰卞搷	1								

3224	0	3183	1	1	1	(3224)(0)鍞愰棬_杩风閽?杩风閽?鐪╂檿	1								

2522	0	2779	1	1	1	(2522)(0)浜旀瘨_涓囪泭鐪熻В_鐪犺泭(瀵筆layer)	鐪犺泭	娣卞害鐫＄湢	1								

27038	1	19594	1	1	1	(27038)(1)涓囩伒灞卞簞_鎭愭儳	鎭愭儳	鎭愭儳	1								

3466	0	3185	1	1	1	(3466)(0)鍞愰棬_鏆楄棌鏉€鏈篲閿佽冻	鍒栬冻	閿佽冻	1								

445	0	1509	1	1	1	(445)(0)灏戞灄-娌夐粯	鎶㈢彔寮?涓嶈兘鏂藉睍鍐呭姛鎷涘紡	1								

422	1	16	1	1	1	(422)(1)鎭愭儳DEBUFF	鎭愭儳	鍙楀埌鎭愭儳鏁堟灉褰卞搷锛岃瘯鍥鹃€冭窇	1								

453	1	616	1	1	1	(453)(1)涔濊浆褰掍竴_鐪╂檿	鐪╂檿	鐪╂檿	1								

424	1	16	1	1	1	(424)(1)鍐查攱鐪╂檿	鐪╂檿	鐪╂檿	1								

