==========================================================================================
Buff.txt
439 374	1	1448	0	0	1	(374)(1)鐢熷お鏋乢涓嶅彈鎺у埗	鐢熷お鏋?鑷韩鍏嶇柅鎺у埗(鍑婚€€鍜岃鎷夐櫎澶?	1								
440 374	2	1448	0	0	1	(374)(2)鐢熷お鏋乢涓嶅彈鎺у埗	鐢熷お鏋?鑷韩鍏嶇柅鎺у埗(鍑婚€€鍜岃鎷夐櫎澶?	1								
441 374	3	1448	0	0	1	(374)(3)鐢熷お鏋乢涓嶅彈鎺у埗	鐢熷お鏋?鑷韩鍏嶇柅鎺у埗(鍑婚€€鍜岃鎷夐櫎澶?锛岀Щ鍔ㄩ€熷害鎻愰珮15%	1								
603 411	1	1520	1	1	1	(411)(1)鏄熸ゼ鏈堝奖	鏄熸ゼ鏈堝奖	鑷韩鍏嶇柅鎺у埗(鍑婚€€鍜岃鎷夐櫎澶?	1								
604 411	2	1520	1	1	1	(411)(2)鏄熸ゼ鏈堝奖	鏄熸ゼ鏈堝奖	鑷韩鍏嶇柅鎺у埗(鍑婚€€鍜岃鎷夐櫎澶?锛屾€ラ€熸彁楂?0%	1								
606 412	2	1522	1	1	1	(412)(2)姘存湀鏃犻棿	姘存湀	涓嬩竴涓激瀹虫垨鐤椾激杩愬姛鎷涘紡鏃犻渶杩愬姛锛屾晥鏋滄湡闂村厤鐤帶鍒跺拰灏佸唴鏁堟灉	1								
1144 855	0	656	1	1	1	(855)(0)澶╃瓥-鍔涙嫈	鍔涙嫈	鑷韩鍏嶇柅鎺у埗(鍑婚€€鍜岃鎷夐櫎澶?	1								
2442 1903	1	2369	1	1	1	(1903)(1)钘忓墤_鍟告棩_鍏嶇柅鎺у埗	鍟告棩	涓嶅彈鎷涘紡鎺у埗	1								
2956 2315	4	2743	1	1	1	(2315)(4)浜旀瘨_琛ュぉ蹇冪粡_濂冲ú琛ュぉ	濂冲ú琛ュぉ	鍩虹鐤椾激鎴愭晥鎻愰珮50%锛岄€犳垚濞佽儊闄嶄綆30%锛屽厤鐤帶鍒舵晥鏋滐紙鎺ㄦ媺闄ゅ锛夛紝鍙楀埌浼ゅ闄嶄綆50%锛岃繍鍔熶笉浼氳浼ゅ鎵撻€€	1								
3428 2756	1	641	1	1	1	(2756)(1)澶╃瓥_浠婚┌楠嬪厤鎺?绾佃交楠?鑷韩鍏嶇柅鎺у埗锛堣鎷夐櫎澶栵級	1								
3429 2756	2	641	1	1	1	(2756)(2)澶╃瓥_浠婚┌楠嬪厤鎺?绾佃交楠?鑷韩鍏嶇柅鎺у埗	1								
3430 2756	5	641	1	1	1	(2756)(5)澶╃瓥_浠婚┌楠嬪厤鎺?绾佃交楠?鑷韩鍏嶇柅鎺у埗锛堣鎷夐櫎澶栵級锛屾€ラ€熸彁楂?0%	1								
3431 2756	6	641	1	1	1	(2756)(6)澶╃瓥_浠婚┌楠嬪厤鎺?绾佃交楠?鑷韩鍏嶇柅鎺у埗锛屾€ラ€熸彁楂?0%	1								
3474 2781	1	1452	1	1	1	(2781)(1)杞咕鍧ゅ厤鎺?杞咕鍧?鑷韩鍏嶇柅鎺у埗	1								
3475 2781	2	1452	1	1	1	(2781)(2)杞咕鍧ゅ厤鎺?杞咕鍧?鑷韩鍏嶇柅鎺у埗	1								
3547 2840	1	2763	1	1	1	(2840)(1)浜旀瘨_铔婅櫕鐙傛毚_player	铔婅櫕鐙傛毚	鍚告敹20%姘旇鏈€澶у€肩殑浼ゅ锛岀Щ鍔ㄩ€熷害鎻愰珮40%骞跺厤鐤帶鍒讹紙鍑婚€€鍜岃鎷夐櫎澶栵級	1								
3979 3089	1	2121	1	1	1	(3089)(1)榫欐笂娉絖绁炵瓥鐙楃敺濂砡浜插瘑	浜插瘑	鎱曞閲庣嫄鍜屾闈掍笣璺濈杩囪繎锛屽彈鍒扮殑浼ゅ閫掑噺5%	1								
4121 3215	0	3198	1	1	1	(3215)(0)鍞愰棬_鑽嗗ぉ妫樺湴	鑽嗗ぉ妫樺湴	澶栧姛鍛戒腑闄嶄綆100%锛屽唴鍔熼€犳垚浼ゅ闄嶄綆100%銆傚鍔熷懡涓檷浣庯紝鍐呭姛閫犳垚浼ゅ闄嶄綆鏁堟灉姣忕閫掑噺10%	1								
4208 3279	0	3234	1	1	1	(3279)(0)鍞愰棬_瀛愭瘝鍕綺鍏嶆帶	鐢熸涔嬩氦	鑷韩鍏嶇柅鎺у埗锛堝嚮閫€鍜岃鎷夐櫎澶栵級	1								
5163 4332	1	3448	1	1	1	(4332)(1)闃佃惀_鎿嶄綔绠缉杞?鎿嶄綔绠缉杞?姝ｅ湪鎿嶄綔绠缉杞︼紝姘旇涓婇檺鎻愰珮300%锛屽厤鐤帶鍒舵晥鏋?1								
6119 5276	0	407	1	0	1	(5276)(0)鍗庢竻瀹洖蹇嗗綍_瀹夌灞盻鑸掔粡娲荤粶	鑸掔粡娲荤粶	鍏嶇柅瀹夌灞卞ぇ閮ㄥ垎鎷涘紡鐨勬帶鍒舵晥鏋?1								
6566 5777	1	3028	0	1	1	(5777)(1)浜旀瘨_鍦ｆ墜_鍔犻€?鍦ｆ墜缁囧ぉ	鍏嶇柅鎵撴柇杩愬姛銆佺即姊板拰鏃犳硶杩愬姛銆佺壒娈婃帶鍒舵晥鏋?1								
6690 5950	1	2762	0	1	1	(5950)(1)浜旀瘨_铔婅櫕鐚キ閫氱敤鍏嶆帶	铔婅櫕鐚キ	鑷韩鍏嶇柅鎺у埗锛堝嚮閫€鍜岃鎷夐櫎澶栵級	1								
6736 6015	0	4899	0	1	1	(6015)(0)涓愬府_榫欒穬浜庢笂_鍏嶆帶3绉?榫欒穬浜庢笂	鑷韩鍏嶇柅鎺у埗锛堣鎺ㄥ拰琚媺闄ゅ锛?1								
6831 6087	0	3190	1	1	1	(6087)(0)鍞愰棬_椋炴槦閬佸奖鍏嶆帶	娴佺伀椋炴槦	鑷韩鍏嶇柅鎺у埗锛堝嚮閫€鍜岃鎷夐櫎澶栵級	1								
6832 6087	2	3190	1	1	1	(6087)(2)鍞愰棬_椋炴槦閬佸奖鍏嶆帶	娴佺伀椋炴槦	鑷韩鍏嶇柅鎺у埗锛堝嚮閫€鍜岃鎷夐櫎澶栵級	1								
6833 6087	3	3190	1	1	1	(6087)(3)鍞愰棬_椋炴槦閬佸奖鍏嶆帶	娴佺伀椋炴槦	鑷韩鍏嶇柅鎺у埗锛堝嚮閫€鍜岃鎷夐櫎澶栵級	1								
6862 6131	1	1456	0	1	1	(6131)(1)澶╃瓥_闈掗槼	鐧炬姌	鑷韩鍏嶇柅鎺у埗锛堝嚮閫€鍜岃鎷夐櫎澶栵級	1								
6940 6247	1	2777	1	1	1	(6247)(1)浜旀瘨_杩峰績铔奯鍙嬫柟	铔婂奖	鍏嶇柅鎺у埗锛堝嚮閫€鍜岃鎷夐櫎澶栵級锛屽彈鍒扮殑浼ゅ闄嶄綆20%	1								
6946 6256	1	13437	1	1	1	(6256)(1)涓囪姳_娌冨湡鎬ラ€?娌冨湡	鍏嶇柅鐗规畩鎺у埗銆佹墦鏂繍鍔熴€佺即姊板拰鏃犳硶杩愬姛鏁堟灉鐨勫奖鍝?1								
7735 7049	1	3556	1	1	1	(7049)(1)瀹夊彶涔嬩贡_濂囧疂涔嬩簤_澶╅€夎€?澶╅€夎€?鎼哄甫鏈夐搧琛€瀹濈锛岃閲忓鍔犺嚦100%锛屽寲鍔插姞鎴?.9鍊嶏紝寰″姴鍔犳垚0.8鍊嶏紝鍏嶇柅涓€鍒囨帶鍒讹紝浣嗘棤娉曡鍙鎴栦娇鐢ㄨ悕韪緺褰便€備緺澹浜°€佺绾裤€侀殣韬垨浣跨敤绁炶鏃舵晥鏋滄秷澶便€傚悓鏃堕搧琛€瀹濈浼氶仐钀?1								
7748 7071	1	2037	1	1	1	(7071)(1)瀹夊彶涔嬩贡_濂囧疂涔嬩簤_娆ｅ枩鑻ョ媯	娆ｅ枩鑻ョ媯	鎰忓鑾峰緱棣栭鐨勯搧琛€瀹濈鑰屾鍠滆嫢鐙傦紝鏁堟灉鎸佺画鏈熼棿鍏嶇柅涓€鍒囨敾鍑诲拰鎺у埗	1								
8080 7508	1	4536	1	1	1	(7508)(1)鍝戣繍鍔犻€熷厤鎺?鍝戣繍	绉诲姩閫熷害鎻愰珮50%锛屼笉鍙楁帶鍒舵晥鏋滃奖鍝嶄笖鍏嶇柅琚媺	1								
8328 7918	1	4535	1	1	1	(7918)(1)鍏嶇柅鎺у埗	鍏嶇柅鎺у埗	姝ゆ晥鏋滄湡闂达紝鍏嶇柅鎺у埗绫绘嫑寮忓奖鍝?1								
8554 8212	2	4531	0	0	1	(8212)(2)鍙叉€濇槑_榄勮。琛€浠哶琛€琛?琛€榄勫ぉ琛?鍏嶇柅鎵€鏈夋帶鍒讹紝琚┍鏁ｄ箣鍚庤榄勬恫鍖栧苟鐣欏湪鍘熷湴	1								
8555 8212	3	4531	0	0	1	(8212)(3)鍙叉€濇槑_榄勮。琛€浠哶琛€琛?琛€榄勫ぉ琛?鍏嶇柅鎵€鏈夋帶鍒讹紝琚┍鏁ｄ箣鍚庤榄勬恫鍖栧苟鐣欏湪鍘熷湴	1								
8556 8212	4	4531	0	0	1	(8212)(4)鍙叉€濇槑_榄勮。琛€浠哶琛€琛?琛€榄勫ぉ琛?鍏嶇柅鎵€鏈夋帶鍒讹紝琚┍鏁ｄ箣鍚庤榄勬恫鍖栧苟鐣欏湪鍘熷湴	1								
8559 8215	1	2028	1	1	1	(8215)(1)鍙叉€濇槑_姘旇缈绘秾	姘旇缈绘秾	鍏嶇柅鎵€鏈夋帶鍒舵晥鏋滐紝浼ゅ鑳藉姏鎻愰珮40%锛屽彈鍒扮殑浼ゅ澧炲姞50%	1								
8560 8215	2	2028	1	1	1	(8215)(2)鍙叉€濇槑_姘旇缈绘秾	姘旇缈绘秾	鍏嶇柅鎵€鏈夋帶鍒舵晥鏋滐紝浼ゅ鑳藉姏鎻愰珮40%锛屽彈鍒扮殑浼ゅ澧炲姞50%	1								
8604 8247	1	6299	1	1	1	(8247)(1)鏃犳儳	鏃犳儳	鍏嶇柅鎭愭儳鍜屾帶鍒舵晥鏋?1								
8619 8265	0	6336	0	0	1	(8265)(0)鐩惧鏈熼棿鏍囪buff	鐩惧	鍏嶇柅鎵€鏈夋帶鍒舵晥鏋?1								
8651 8293	1	6435	1	1	1	(8293)(1)鍗冮櫓鍏嶆帶鏁堟灉	鍗冮櫓	鍏嶇柅涓€鍒囨帶鍒舵晥鏋滐紝鍙楀埌鐨勪激瀹抽檷浣?0%	1								
8822 8449	1	6346	1	1	1	(8449)(1)琛€鎬掑厤鎺?鍔寲	鍏嶇柅鎺у埗鏁堟灉锛堝嚮閫€鍜岃鎷夐櫎澶栵級	1								
8823 8449	2	6346	1	1	1	(8449)(2)琛€鎬掑厤鎺?鍔寲	鍏嶇柅鎺у埗鏁堟灉锛堝嚮閫€鍜岃鎷夐櫎澶栵級锛屾瘡鐐硅韩娉曟彁鍗囪嚜韬?鐐规嫑鏋剁瓑绾?1								
8829 8458	1	1522	1	1	1	(8458)(1)姘存湀鍏嶆帶	姘存湀鏃犻棿	鏁堟灉鏈熼棿鍏嶇柅鎺у埗(鍑婚€€鍜岃鎷夐櫎澶?銆佺即姊板拰鏃犳硶杩愬姛鏁堟灉褰卞搷锛屼笖杩愬姛涓嶄細琚墦鏂?1								
8830 8458	2	1522	1	1	1	(8458)(2)姘存湀鍏嶆帶	姘存湀鏃犻棿	鏁堟灉鏈熼棿鍏嶇柅鎺у埗(鍑婚€€鍜岃鎷夐櫎澶?	1								
8831 8458	3	1522	1	1	1	(8458)(3)姘存湀鍏嶆帶	姘存湀鏃犻棿	鏁堟灉鏈熼棿鍏嶇柅鎺у埗(鍑婚€€鍜岃鎷夐櫎澶?銆佺即姊板拰鏃犳硶杩愬姛鏁堟灉褰卞搷锛屼笖杩愬姛涓嶄細琚墦鏂?1								
8862 8483	1	6286	1	0	1	(8483)(1)鐩炬瘏鍏嶆帶	鐩炬瘏	鍙楀埌鐨勪激瀹抽檷浣?0%锛屽厤鐤帶鍒舵晥鏋滐紙琚媺闄ゅ锛?1								
9004 8716	1	6300	1	1	1	(8716)(1)鐩惧闃熷弸鍏嶆帶	鎹嶅崼	鍏嶇柅鎺у埗鏁堟灉	1								
9099 8864	1	2748	0	0	1	(8864)(1)鍗冪_鍏嶆帶buff	鍗冭澏鍚愮憺	鍏嶇柅涓€鍒囨帶鍒舵晥鏋滐紝鍙楀埌鐨勮寖鍥寸被浼ゅ闄嶄綆20%	1								
9100 8864	2	2748	0	0	1	(8864)(2)鍗冪_鍏嶆帶buff	鍗冭澏鍚愮憺	鍏嶇柅涓€鍒囨帶鍒舵晥鏋滐紝鍙楀埌鐨勮寖鍥寸被浼ゅ闄嶄綆20%	1								
9101 8864	3	2748	0	0	1	(8864)(3)鍗冪_鍏嶆帶buff	鍗冭澏鍚愮憺	鍏嶇柅鎺у埗鏁堟灉锛屽彈鍒扮殑鑼冨洿绫讳激瀹抽檷浣?0%	1								
9102 8864	4	2748	0	0	1	(8864)(4)鍗冪_鍏嶆帶buff	鍗冭澏鍚愮憺	鍏嶇柅涓€鍒囨帶鍒舵晥鏋滐紝鍙楀埌鐨勮寖鍥寸被浼ゅ闄嶄綆20%	1								
9103 8864	5	2748	0	0	1	(8864)(5)鍗冪_鍏嶆帶buff	鍗冭澏鍚愮憺	鍏嶇柅涓€鍒囨帶鍒跺拰閲嶅垱鏁堟灉锛屽彈鍒扮殑鑼冨洿绫讳激瀹抽檷浣?0%	1		0	0	0	0			
9104 8864	6	2748	0	0	1	(8864)(6)鍗冪_鍏嶆帶buff	鍗冭澏鍚愮憺	鍏嶇柅涓€鍒囨帶鍒跺拰閲嶅垱鏁堟灉锛屽彈鍒扮殑鑼冨洿绫讳激瀹抽檷浣?0%	1		0	0	0	0			
9308 9059	0	4555	1	1	1	(9059)(0)澶槾鍏嶆帶	闈掕拏	浣胯嚜韬厤鐤帶鍒舵晥鏋?1								
9310 9068	1	428	1	1	1	(9068)(1)鎷夸簯鍏嶆帶	鍑€鏋?鍏嶇柅鎺у埗鏁堟灉	1								
9395 9204	1	621	1	1	1	(9204)(1)鏂楀鏃犲皹澧炲己	鏂楀鏃犲皹	鍏嶇柅鎺у埗	1								
9396 9205	1	621	1	1	1	(9205)(1)鏂楀鏃犲皹鏅€?鏂楀鏃犲皹	鍏嶇柅鎺у埗	1								
9447 9294	0	7169	1	1	1	(9294)(0)瀛ゅ奖鍖栧弻_娈嬪奖鍏嶆帶	瀛ゅ奖	鍏嶇柅鎺у埗鏁堟灉(鍑婚€€鍜岃鎷夐櫎澶?	1								
9484 9342	1	7129	1	1	1	(9342)(1)鐭抽棿鎰廮姊呰姳涓夊紕鏈熼棿鍏嶆帶鍏嶅皝鍐?鐭抽棿鎰?鍏嶇柅鎺у埗(鍑婚€€鍜岃鎷夐櫎澶?	1								
9497 9354	1	621	1	1	1	(9354)(1)鎹ｈ。_缇藉厤鎺ф晥鏋?鎹ｈ。	鍏嶇柅鎺у埗鏁堟灉	1								
9964 9848	1	2367	1	1	1	(9848)(1)鎺㈡鍏嶆帶	鎺㈡	鍏嶇柅鎺у埗鏁堟灉锛屽寲瑙ｈ嚜韬皵琛€鏈€澶у€?0%鐨勪激瀹?1								
9967 9855	1	4536	1	1	1	(9855)(1)铦跺紕瓒?绉掑厤鎺?闊抽煹	鍏嶇柅鎺у埗鏁堟灉	1								
9968 9855	2	4536	1	1	1	(9855)(2)铦跺紕瓒?绉掑厤鎺?闊抽煹	鍏嶇柅鎺у埗鏁堟灉	1		0	0	0	0			
10071 9999	1	7165	1	1	1	(9999)(1)鎹ｈ。_鐤忓奖妯枩鍏嶆帶鐩哥煡	鎹ｈ。	鍏嶇柅鎺у埗鏁堟灉	1								
10072 9999	2	7165	1	1	1	(9999)(2)鎹ｈ。_鐤忓奖妯枩鍏嶆帶鍏嶅皝鐩哥煡	鎹ｈ。	鍏嶇柅鎺у埗銆佺即姊板拰鏃犳硶杩愬姛鏁堟灉	1								
10073 9999	3	7165	1	1	1	(9999)(3)鎹ｈ。_鐤忓奖妯枩鍏嶆帶鑾棶	鎹ｈ。	鍏嶇柅鎺у埗鏁堟灉	1								
10121 10079	0	3183	1	1	1	(10079)(0)杩风閽変笉閫掑噺	杩风閽?鐪╂檿	1								
10223 10245	1	7506	1	1	1	(10245)(1)鐮撮噸鍥?绉掑厤鎺?鐮撮噸鍥?鍏嶇柅鎺у埗銆佹矇榛樸€佺即姊版晥鏋滐紝鍙楀埌鐨勪激瀹抽檷浣?0%锛屾嫑寮忔彁楂?灏?1								
10233 10258	1	4881	0	0	1	(10258)(1)閰掍腑浠欏厤鐤墦鏂?瀹介噹	涓嶅彈鎷涘紡鎺у埗涓斾笉鍙楁墦鏂嫑寮忓奖鍝?1								
10343 10472	1	7055	1	1	1	(10472)(1)骞虫矙钀介泚鍏嶇柅	鏇茬粓	鏃犳硶鍙楀埌鈥滃钩娌欒惤闆佲€濇帶鍒?1								
10472 10618	3	1504	1	1	1	(10618)(3)闆鹃洦鐣岄潰BUFF	闆鹃洦	杩愬姛涓嶄細琚墦鏂笖涓嶅彈缂存鍜屾棤娉曡繍鍔熸晥鏋滅殑褰卞搷锛屽厤鐤壒娈婃帶鍒讹紝澶栨敾闂伩鎻愰珮55%	1								
10587 10821	0	6447	1	1	1	(10821)(0)鑻嶄簯鐗规畩姝﹀櫒_浣跨敤姝﹀櫒鍚庣殑鍏嶇柅鎺у埗	鐩炬尅	澶勪簬闃插尽鍙嶅嚮鐘舵€?1								
10770 11077	0	8577	1	1	1	(11077)(0)澶у垁鏃嬭浆鏃犳硶璺宠穬	灏樿韩	鍏嶇柅鎺у埗鏁堟灉	1								
10947 11319	1	8628	1	1	1	(11319)(1)璺戝鍏嶆帶鏃犳搷浣?涓存笂韫堟渤	鍏嶇柅鎺у埗鏁堟灉涓斿彈鍒扮殑浼ゅ闄嶄綆60%	1								666
10948 11319	2	8628	1	1	1	(11319)(2)璺戝鍏嶆帶鏃犳搷浣?涓存笂韫堟渤	鍏嶇柅鎺у埗鏁堟灉涓斿彈鍒扮殑浼ゅ闄嶄綆80%	1								666
10950 11322	1	8577	1	1	1	(11322)(1)涓婂皢鍐涘嵃鍏嶆帶閿佹搷浣?灏樿韩	鍏嶇柅鎺у埗鏁堟灉	1								
10982 11361	1	8577	1	1	1	(11361)(1)澶у垁_鏂藉睍鎶€鑳芥湡闂村厤鎺?灏樿韩	鏂藉睍鎷涘紡鏈熼棿鍏嶇柅鎺у埗鏁堟灉	1								
11008 11385	1	8577	0	0	1	(11385)(1)瑗挎鎮叉瓕4绉掑厤鎺?瑗挎鎮叉瓕	鍏嶇柅鎺у埗鏁堟灉涓旈檷浣庢嫑寮忓▉鑳佸€?1								
11117 11530	1	6301	1	1	1	(11530)(1)宄板€糭鍙樿韩鍔犵浘	闃撮槼鎶ょ浘	楝间娇缁欎綘鍔犳寔鐨勯槾闃虫姢鐩撅紝鍙互鍚告敹25000鐐逛激瀹筹紝鎶ょ浘鎸佺画鏈熼棿鍏嶇柅鎺у埗	1								
11339 11808	1	1520	1	1	1	(11808)(1)鏄熸ゼ鍏嶅嚮閫€	鏄熸ゼ鏈堝奖	鑷韩鍏嶇柅鎺у埗(鍑婚€€鍜岃鎷夐櫎澶?锛屽尽鍔叉彁楂?%	1								
11340 11808	2	1520	1	1	1	(11808)(2)鏄熸ゼ鍏嶅嚮閫€	鏄熸ゼ鏈堝奖	鑷韩鍏嶇柅鎺у埗锛屾€ラ€熸彁楂?0%	1								
11341 11808	3	1520	1	1	1	(11808)(3)鏄熸ゼ鍏嶅嚮閫€	鏄熸ゼ鏈堝奖	鑷韩鍏嶇柅鎺у埗	1								
11481 11991	1	1448	0	0	1	(11991)(1)鏂板悙鏁呯撼鏂癬鍑忎激鍙婂弽鍑?鐢熷お鏋?鑷韩鍏嶇柅鎺у埗(鍑婚€€鍜岃鎷夐櫎澶?锛屽彈鍒扮殑浼ゅ闄嶄綆15%锛屼笖鏈?5%鍑犵巼浣挎敾鍑昏€呴攣瓒?绉掞紝璇ユ晥鏋滄瘡20绉掕Е鍙戜竴娆?1								
11482 11991	2	1448	0	0	1	(11991)(2)鏂板悙鏁呯撼鏂癬鍑忎激鍙婂弽鍑?鐢熷お鏋?鑷韩鍏嶇柅鎺у埗(鍑婚€€鍜岃鎷夐櫎澶?锛屽彈鍒扮殑浼ゅ闄嶄綆15%锛岀Щ鍔ㄩ€熷害鎻愰珮15%锛屼笖鏈?5%鍑犵巼浣挎敾鍑昏€呴攣瓒?绉掞紝璇ユ晥鏋滄瘡20绉掕Е鍙戜竴娆?1								
11856 12492	1	0	0	0	0	(12492)(1)鏄庢暀_閫愭笎娑堝け	娓愰殣	1.75绉掑唴閫愭笎涓庣幆澧冪浉铻嶏紝鏈熼棿鑷韩鍏嶇柅浼ゅ涓斾笉浼氳鏁屾柟閫変腑銆傝嚜鐒剁粨鏉熷悗杩涘叆<NounID 4>銆俓n涓诲姩鏂藉睍浼ゅ銆佹帶鍒剁被鎷涘紡鏃朵細绔嬪嵆缁撴潫璇ユ晥鏋?1								
11893 12559	1	2777	1	1	1	(12559)(1)濂舵瘨杩峰績瀵瑰弸鏂?鍣泭	鑷韩鍏嶇柅鎺у埗锛堝嚮閫€鍜岃鎷夐櫎澶栵級锛屼緺澹洰鏍囧彈鍒扮殑浼ゅ闄嶄綆25%	1								
12045 12796	1	13	0	0	0	(12796)(1)椋庢潵鍚村北鍛戒腑澶氫釜鐩爣浼ゅ閫掑噺	椋庢潵鍚村北鐩爣鐩戞帶	鐩戞帶鐩爣鏁伴噺	1								
12104 12877	1	1261	0	1	0	(12877)(1)鑺傛棩鑺辨湞鑺俖鑲ユ枡楗卞拰搴?鑲ユ枡楗卞拰搴?楗卞拰搴︿細闅忔椂闂撮€掑噺	1								
12105 12878	1	942	0	1	0	(12878)(1)鑺傛棩鑺辨湞鑺俖姘村垎楗卞拰搴?姘村垎楗卞拰搴?鍦熷￥鍚按閲忎細闅忔椂闂撮€掑噺	1								
12406 13238	1	10470	1	1	1	(13238)(1)閫氱敤_鎸ｈ劚	闂€?鑷韩绉诲姩閫熷害鍔犲揩骞跺厤鐤帶鍒?绉?1								
12457 13296	1	10479	1	1	1	(13296)(1)鍒哄_灏廮鐖嗗彂	瑙夐啋	鍏嶇柅鎺у埗骞跺鍔犺嚜韬激瀹?5%	1								
12562 13416	1	4504	1	0	1	(13416)(1)8鍙穇鍙叉€濇槑_槌勯奔鏃犳晫鍏嶆帶	琛€鑱斿悎	鍙叉€濇槑鐚キ涔嬫椂鐙備贡宸ㄩ硠瀹屽叏鍏嶇柅浼ゅ鍜屾帶鍒?1								
12826 13735	1	10631	1	1	1	(13735)(1)娴父澶╁湴鍏嶆帶	娴父澶╁湴	鍏嶇柅鎺у埗鏁堟灉	1								
12831 13742	0	10625	1	1	1	(13742)(0)瀹氭尝鐮ユ緶鍑忎激	瀹氭尝鐮ユ緶	鍙楀埌鐨勪激瀹抽檷浣?0%锛屽苟鍏嶇柅鎺у埗鍜屾亹鎯ф晥鏋?1								
12982 13927	1	6355	1	1	1	(13927)(1)闅愬垁鍋囬殣鏃犳晫1绉?闅?鍏嶇柅浼ゅ鍜屾帶鍒舵晥鏋?1								
13054 14029	1	10764	1	1	1	(14029)(1)鎺屾硶闄勫甫鍥炶崱鏁堟灉	鐗╁寲澶╄	鍏嶇柅鎺у埗鏁堟灉	1								
13078 14082	0	10837	1	1	1	(14082)(0)娴父澶╁湴钀藉湴鍔犲噺浼?涔橀緳	鍏嶇柅鎺у埗鏁堟灉锛堝嚮閫€鍜岃鎷夐櫎澶栵級锛屽彈鍒扮殑浼ゅ闄嶄綆10%	1								666
13093 14105	1	10625	1	1	1	(14105)(1)瀹氭尝鐮ユ緶楂樼骇鍑忎激	瀹氭尝鐮ユ緶	鍙楀埌鐨勪激瀹抽檷浣?0%锛屽苟鍏嶇柅鎺у埗鍜屾亹鎯ф晥鏋?1								
13259 14247	1	10873	0	0	1	(14247)(1)鐤剧數鍙辩窘鍏嶆帶	鏃剁Щ	鍏嶇柅鎺у埗鏁堟灉	1								
13342 14356	1	10769	1	1	1	(14356)(1)绉樼睄椹窘楠嬮鍏嶆帶	楠嬮	鍏嶇柅鎺у埗鏁堟灉	1								
13554 14515	1	9542	1	1	1	(14515)(1)姘存Ν鍏嶆帶	椋炶	鍏嶇柅鎺у埗鏁堟灉锛堝嚮閫€鍜岃鎷夐櫎澶栵級锛屽彈鍒颁激瀹抽檷浣?5%	1								
13859 14930	2	7265	1	1	1	(14930)(2)鑺婅妸绱犳墜鍥炶BUFF	闇撹３	鍥炲鑷韩鍜?0灏哄唴灏忛槦鎴愬憳姘旇鍊硷紝鑷韩鍏嶇柅鎺у埗锛堝嚮閫€鍜岃鎷夐櫎澶栵級	1								
13896 14972	1	8546	1	1	1	(14972)(1)鍙屽垁鐖嗕綋鏁堟灉	鐖嗕綋	鍏嶇柅浠讳綍鎺у埗鏁堟灉锛屼激瀹虫彁楂?0%锛屽彈鍒颁激瀹抽檷浣?0%锛屾瘡2绉掑洖澶嶇媯鎰忋€佸垁榄傘€佹皵鍔插悇4鐐瑰苟瀵硅嚜韬?灏鸿寖鍥?涓洰鏍囬€犳垚灏戦噺澶栧姛浼ゅ	1								
13952 15019	1	2033	0	0	1	(15019)(1)moba鐢熷懡鎶ょ浘	鎶ょ浘	鍙惛鏀?0%鏈€澶ф皵琛€鍊肩殑浼ゅ锛屽苟鍏嶇柅鎺у埗	1								
13999 15083	1	3193	1	1	1	(15083)(1)楝兼枾绁炲伐鎹㈡ā	涔濋渼椋庨浄	鍙柦灞曠壒娈婃嫑寮忎激瀹冲ぇ骞呭害鎻愰珮锛屽厤鐤帶鍒?1								
14185 15403	0	426	1	1	1	(15403)(0)灏戞灄鐗规畩姝﹀櫒_涓嶅姩鏄庣帇	涓嶅姩閲戝垰	鍙楀埌鐨勪激瀹抽檷浣?0%锛屽厤鐤ぇ閮ㄥ垎鎺у埗鏁堟灉锛屽苟涓旂Н绱弽鍑诲€硷紱鏂芥硶缁撴潫鍚庡嵏闄よ嚜韬€滆€愬姏鎹熻€椻€濄€佲€滅簿绁炲尞涔忊€濇皵鍔插悇4灞?1								
14285 15565	3	12392	1	1	1	(15565)(3)琛€瑕嗛粍娉夎嚜韬弻閾炬爣璁癇UFF	宓礀	鍏嶇柅鎺у埗鏁堟灉锛堣鎷夐櫎澶栵級	1								
14324 15619	1	4521	0	0	1	(15619)(1)閫氱敤鍏嶆帶	鍏嶇柅鎺у埗	琛€閲忚秴杩?0%鏃跺厤鐤竴鍒囨帶鍒?1								
14325 15619	2	4521	0	1	1	(15619)(2)閫氱敤鍏嶆帶	鍏嶇柅鎺у埗	鍏嶇柅涓€鍒囨帶鍒?1								
14326 15619	3	4521	0	1	1	(15619)(3)閫氱敤鍏嶆帶	鍏嶇柅鎺у埗	鍏嶇柅涓€鍒囨帶鍒?1								
14443 15735	2	12101	0	0	1	(15735)(2)鏂╂棤甯告牸鎸?鏂╂棤甯?鍏嶇柅鎺у埗鏁堟灉锛屾牸鎸¤繙绋嬪脊閬撴妧鑳斤紝鍙楀埌浼ゅ闄嶄綆50%	1								
14444 15735	3	12101	1	1	1	(15735)(3)鏂╂棤甯告牸鎸?鏂╂棤甯?鍏嶇柅鎺у埗鏁堟灉锛屾牸鎸¤繙绋嬪脊閬撴妧鑳斤紝鍙楀埌浼ゅ闄嶄綆50%涓旂Щ鍔ㄩ€熷害鎻愰珮15%	1								
14445 15735	4	12101	1	1	1	(15735)(4)鏂╂棤甯告牸鎸?鏂╂棤甯?鍏嶇柅鎺у埗鏁堟灉锛屾牸鎸¤繙绋嬪脊閬撴妧鑳斤紝鍙楀埌浼ゅ闄嶄綆90%	1								
14446 15735	5	12101	1	1	1	(15735)(5)鏂╂棤甯告牸鎸?鏂╂棤甯?鍏嶇柅鎺у埗鏁堟灉锛屾牸鎸¤繙绋嬪脊閬撴妧鑳斤紝鍙楀埌浼ゅ闄嶄綆90%涓旂Щ鍔ㄩ€熷害鎻愰珮15%	1								
14455 15749	2	12095	1	1	1	(15749)(2)涔卞ぉ鐙奸攣闈㈠悜鍏嶆帶	涔卞ぉ鐙?鍏嶇柅鎺у埗鏁堟灉	1								
14552 15899	1	11319	1	1	1	(15899)(1)鎹夊奖寮忓厤鎺?閾０	绉诲姩閫熷害鎻愰珮30%锛岃嚜韬厤鐤帶鍒舵晥鏋滐紙鍑婚€€鍜岃鎷夐櫎澶栵級	1								
14587 15933	1	12413	1	1	1	(15933)(1)瀛ら椋掕笍鍏嶇柅鎺у埗	鐤戞垬	鍏嶇柅鎺у埗鏁堟灉锛堝嚮閫€鍜岃鎷夐櫎澶栵級锛岄噸澶嶈幏寰楁椂鍙彔鍔狅紝鈥滃磾宓姝モ€濇湡闂村厤鐤帹鎷?1								
14809 16348	1	11319	1	1	1	(16348)(1)浜屼笟渚濈紭鍏嶆帶	璇告硶绌虹浉	鍏嶇柅鎺у埗鏁堟灉锛堝嚮閫€鍜岃鎷夐櫎澶栵級	1								
14855 16448	1	12392	1	1	1	(16448)(1)琛€瑕嗛粍娉夊厤鐤帶鍒?宓礀	鍏嶇柅鎺у埗鏁堟灉	1								
14856 16448	2	12392	1	1	1	(16448)(2)琛€瑕嗛粍娉夊厤鐤帶鍒?宓礀	鏈濋摼鎺ョ殑鐩爣绉诲姩鏃讹紝绉诲姩閫熷害鎻愰珮50%	1								
15696 17585	1	13864	1	1	1	(17585)(1)琛屽疄闄呴棯閬垮厤鎺?韪忔槦琛?铏氬寲婕傛诞鐘舵€侊紝琚懡涓嚑鐜囬檷浣?5%锛岀Щ鍔ㄩ€熷害鎻愰珮30%锛屾湡闂村厤鐤帶鍒?1								
15697 17585	2	13864	1	1	1	(17585)(2)琛屽疄闄呴棯閬垮厤鎺?韪忔槦琛?铏氬寲婕傛诞鐘舵€侊紝琚懡涓嚑鐜囬檷浣?0%锛岀Щ鍔ㄩ€熷害鎻愰珮30%锛屾湡闂村厤鐤帶鍒?1								
15698 17585	3	13864	1	1	1	(17585)(3)琛屽疄闄呴棯閬垮厤鎺?韪忔槦琛?涔橀獞榄傜伅椋炶锛岃鍛戒腑鍑犵巼闄嶄綆65%锛岀Щ鍔ㄩ€熷害鎻愰珮30%锛屾湡闂村厤鐤帶鍒?1								
15889 17882	1	13423	1	1	1	(17882)(1)涔惧潳涓€妫嶅厤鎺?閱嶉啇鐏岄《	鑷韩鍏嶇柅鎺у埗	1								
15899 17888	1	14130	1	1	1	(17888)(1)鎴樼枏鐙傚厤鐤帶鍒?鍔涚牬涓囬挧	鍏嶇柅鎺у埗锛岀Щ鍔ㄩ€熷害闄嶄綆50%	1								
15907 17901	1	2999	0	0	1	(17901)(1)蹇洩鍏嶆帶鍏嶅皝鍐?涓归紟	鍏嶇柅鎺у埗鍜屽皝鍐呮晥鏋?鍑婚€€鍜岃鎷夐櫎澶?	1								
15910 17905	1	13873	1	1	1	(17905)(1)杩旈棴鎯婇瓊鍏嶆帶	杩旈棴鎯婇瓊	鍏嶇柅鎺у埗(鍑婚€€鍜岃鎷夐櫎澶?	1								
15917 17914	1	2367	0	1	1	(17914)(1)钘忓墤寮熷瓙灏忔帰姊呭噺浼ゅ拰鍏嶆帶	鎺㈡	钘忓墤寮熷瓙瀵逛綘鏂藉睍鎺㈡锛屽厤鐤帶鍒舵晥鏋滐紙琚媺闄ゅ锛夛紝鍙楀埌浼ゅ闄嶄綆30%	1								
15928 17939	1	14079	0	0	1	(17939)(1)姊簯绾典簩娈靛姞鍑忎激	鍚堣櫄	鍙楀埌浼ゅ闄嶄綆10%锛屽厤鐤帶鍒讹紝鍙互鏂藉睍浜屾鎶€鑳?1								
15946 17973	1	14116	1	1	1	(17973)(1)鏈堝奖鎶ょ浘	鏈堝嚭	鍙楀埌浠讳綍鐨勪激瀹冲皢琚噺鍏嶈嚜韬渶澶ф皵琛€鍊肩殑0.4%锛屽厤鐤帶鍒?鍑婚€€鍜岃鎷夐櫎澶?銆佹墦鏂€佹墦閫€銆佹棤娉曡繍鍔熶笌缂存鏁堟灉	1								
16016 18075	1	14107	1	1	1	(18075)(1)鏄庢暀_寰椋巁鍑忛€忔槑搴?寰椋?鍏嶇柅鎺у埗鏁堟灉锛岃鍛戒腑鍑犵巼闄嶄綆50%锛屽彈鍒拌寖鍥翠激瀹抽檷浣?0%	1								
16017 18075	2	14107	1	1	1	(18075)(2)鏄庢暀_寰椋巁鍑忛€忔槑搴?寰椋?鍏嶇柅鎺у埗鏁堟灉锛岃鍛戒腑鍑犵巼闄嶄綆70%	1								
16047 18124	0	13867	1	1	1	(18124)(0)鍙栧崷鍏嶆帶鏁堟灉	璧峰崷	鑷韩鍏嶇柅鎺у埗(鍑婚€€鍜岃鎷夐櫎澶?	1								
16080 18189	1	12388	1	1	1	(18189)(1)鐒氱敓鍏嶆帶3绉?鐒氱敓	鍏嶇柅鎺у埗	1								
16098 18228	1	13872	1	1	1	(18228)(1)鐖嗙伅娴佸厤鎺цЕ鍙?椋庨亖	鑷韩鍏嶇柅鎺у埗(鍑婚€€鍜岃鎷夐櫎澶?	1								
16106 18246	1	13	1	1	1	(18246)(1)鐭殏鍏嶇柅鐪╂檿	鐭ュ井	浣胯嚜韬厤鐤湬鏅曟帶鍒舵晥鏋?1								
16107 18247	1	13	1	1	1	(18247)(1)鐭殏鍏嶇柅鍑诲€?鐭ュ井	浣胯嚜韬厤鐤嚮鍊掓帶鍒舵晥鏋?1								
16271 18418	1	14052	0	0	1	(18418)(1)绁炵浘榄傞樀鎸佺画鍏嶆帶	绁為亖	鍏嶇柅鎺у埗锛堝嚮閫€鍜岃鎷夐櫎澶栵級	1								
16793 19287	1	6287	1	1	1	(19287)(1)鑻嶄簯鐗规畩姝﹀櫒_鎶€鑳藉厤鐤玝uff	鑻嶇値鎶や綋	鏂╅┈鍒戝ぉ鐨勮媿鐐庢姢浣撲娇鑷韩鍏嶇柅澶ч儴鍒嗘帶鍒剁姸鎬?1								
16819 19313	1	14140	0	0	1	(19313)(1)杩炵紭铔婃寔缁厤鎺у厤灏佸唴	杩炵紭铔?涓嶈鎵撻€€銆佹墦鏂€佷笉鍙楁棤娉曟柦灞曞唴鍔熸嫑寮忓拰缂存鏁堟灉鐨勫奖鍝嶏紝鑷韩鍏嶇柅鎺у埗	1								
16934 19511	1	11907	1	1	1	(19511)(1)妯柇灞辨渤鍏嶆帶	妯柇灞辨渤	鍏嶇柅鎺у埗锛堝嚮閫€鍜岃鎷夐櫎澶栵級	1								
17284 20072	1	15405	1	1	1	(20072)(1)鍑岀劧澶╅	鍑岀劧澶╅	鍑岀┖鑰岃捣锛岃烦璺冭幏寰楀己鍖栵紝鍏嶇柅鎺у埗锛堝嚮閫€鍜岃鎷夐櫎澶栵級锛屾妧鑳芥柦灞曡窛绂绘彁楂?灏?1								
17330 20129	1	7159	1	1	1	(20129)(1)	鐧介	鏁堟灉鏈熼棿鍏嶇柅鎺у埗锛堝嚮閫€鍜岃鎷夋晥鏋滈櫎澶栵級	1								
17378 20192	1	4536	1	1	1	(20192)(1)[20192]閬撳叿_铦跺紕瓒砡闊抽煹	闊抽煹	鍏嶇柅鎺у埗鏁堟灉锛堣鎷夐櫎澶栵級	1								
17383 20199	1	15423	1	1	1	(20199)(1)缁块噹钄撶敓鎶楁嫆	缁块噹钄撶敓	鍑婚€€6灏哄唴鏀诲嚮鑷韩鐨勭洰鏍囷紝鍏嶇柅鎺у埗锛堝嚮閫€鍜岃鎷夐櫎澶栵級锛岀粨鏉熷悗2绉掑唴鑷韩鍏嶇柅鎺у埗锛堝嚮閫€鍜岃鎷夐櫎澶栵級	1								
17384 20199	2	15423	1	1	1	(20199)(2)缁块噹钄撶敓鎶楁嫆	缁块噹钄撶敓	鍑婚€€6灏哄唴鏀诲嚮鑷韩鐨勭洰鏍囷紝鍏嶇柅鎺у埗锛堝嚮閫€鍜岃鎷夐櫎澶栵級	1								
17386 20201	1	656	1	1	1	(20201)(1)[20201]閬撳叿_鐤惧椋?鍔涙嫈	鑷韩鍏嶇柅鎺у埗(鍑婚€€鍜岃鎷夐櫎澶?	1								
17402 20239	1	12101	0	0	1	(20239)(1)閬撳叿_鏂╂棤甯竉鏍兼尅_鍘?5735_2	鏂╂棤甯?鍏嶇柅鎺у埗鏁堟灉锛屾牸鎸¤繙绋嬪脊閬撴妧鑳斤紝鍙楀埌浼ゅ闄嶄綆50%	1								
17407 20247	1	1520	1	1	1	(20247)(1)[20247]閬撳叿_鏄熸ゼ鏈堝奖	鏄熸ゼ鏈堝奖	鑷韩鍏嶇柅鎺у埗锛堝嚮閫€鍜岃鎷夐櫎澶栵級	1								
17409 20249	1	7055	1	1	1	(20249)(1)閬撳叿_骞虫矙閫掑噺鏍囪Buff	钀介泚	鍙楀埌鈥滃钩娌欒惤闆佲€濇帶鍒舵晥鏋滅殑鎸佺画鏃堕棿鍑忓崐	1								
17478 20358	1	3232	1	1	1	(20358)(1)浼锋礊鐑涙満寰?浼锋礊鐑涙満寰?绉诲姩閫熷害鎻愰珮100%锛屽厤鐤帶鍒舵晥鏋?1								
17546 20441	1	2026	0	0	1	(20441)(1)閫氱敤_NPC鍏嶇柅鎶€鑳戒功鎺у埗	闇镐綋	鍏嶇柅鎵€鏈夋帶鍒?1								
17690 20666	1	15410	0	0	1	(20666)(1)涓斿緟鏃朵紤鍏嶆帶	涓斿緟鏃朵紤	鍏嶇柅鎺у埗锛堝嚮閫€鍜岃鎷夐櫎澶栵級	1								
17712 20698	1	15747	1	1	1	(20698)(1)娓¤嫢鎯婇缚鎺犳按闇镐綋	娓¤嫢	鍏嶇柅鎺у埗	1								
17713 20698	2	15729	1	1	1	(20698)(2)娓¤嫢鎯婇缚鎺犳按闇镐綋	閫愰缚	鍏嶇柅鎺у埗	1								
17714 20698	3	15729	1	1	1	(20698)(3)娓¤嫢鎯婇缚鎺犳按闇镐綋	閫愰缚	鍏嶇柅鎺у埗	1								
17757 20780	1	11319	0	0	1	(20780)(1)鑸炴鎸佺画	蹇冭	鍏嶇柅鎺у埗鏁堟灉	1								
18162 21202	1	15412	0	0	1	(21202)(1)褰撳綊鍥涢€嗗厤鎺?褰撳綊鍥涢€?鍏嶇柅鎺у埗銆佸厤鐤墦鏂€佹棤娉曡繍鍔熴€佺即姊版晥鏋?1								
18163 21202	2	15412	0	0	1	(21202)(2)褰撳綊鍥涢€嗗厤鎺?褰撳綊鍥涢€?鍏嶇柅鎺у埗銆佸厤鐤墦鏂€佹棤娉曡繍鍔熴€佺即姊版晥鏋溿€佸彈鍒颁激瀹抽檷浣?0%	1								
18167 21209	1	16231	0	0	1	(21209)(1)涓嶆劎鍚涙寔缁厤鎺?涓嶆劎鍚?涓嶈鎵撻€€銆佹墦鏂€佷笉鍙楁棤娉曟柦灞曞唴鍔熸嫑寮忓拰缂存鏁堟灉鐨勫奖鍝嶏紝鑷韩鍏嶇柅鎺у埗	1								
18232 21276	1	15421	1	1	1	(21276)(1)閫愪簯鍚晩鍏嶆帶	閫愪簯瀵掕晩	鍏嶇柅鎺у埗	1								
18550 21745	1	16196	0	0	1	(21745)(1)鍩庡浜庨殟鍏嶆帶	鍩庡浜庨殟	鑷韩鍏嶇柅鎺у埗	1								
18607 21825	0	2023	1	1	1	(21825)(0)5鍙穇鏈堟硥娣甠宄﹀嘲闀滃儚	宄﹀嘲路闀?鍏嶇柅浠讳綍鎺у埗鏁堟灉	1								
18771 22111	1	13423	1	1	1	(22111)(1)閱嶉啇闇镐綋	閱嶉啇鐏岄《	鍏嶇柅鎺у埗鏁堟灉	1								
18817 22171	1	1452	1	1	1	(22171)(1)閬撳叿_杞咕鍧?杞咕鍧?鍏嶇柅鎵€鏈夋帶鍒讹紙鍑婚€€鍜岃鎷夐櫎澶栵級	1								
18933 22282	1	15405	1	1	1	(22282)(1)閬撳叿_鍑岀劧澶╅	鍑岀劧澶╅	鍑岀┖鑰岃捣锛岃烦璺冭幏寰楀己鍖栵紝鍏嶇柅鎺у埗锛堝嚮閫€鍜岃鎷夐櫎澶栵級锛屾妧鑳芥柦灞曡窛绂绘彁楂?灏?1								
18948 22302	1	13864	1	1	1	(22302)(1)閬撳叿_韪忔槦琛岄棯閬?韪忔槦琛?铏氬寲婕傛诞鐘舵€侊紝琚懡涓嚑鐜囬檷浣?5%锛岀Щ鍔ㄩ€熷害鎻愰珮30%锛屾湡闂村厤鐤帶鍒?1								
18986 22369	1	11319	0	0	1	(22369)(1)閬撳叿_蹇冭鎸佺画鑸炴鏁堟灉	蹇冭	鍏嶇柅鎺у埗鏁堟灉	1								
18999 22392	1	10769	1	1	1	(22392)(1)閬撳叿_椹窘涔橀鍏嶆帶	浼紶路椹窘楠嬮	鍏嶇柅鎺у埗鏁堟灉锛屼笖鍙楀埌鐨勪激瀹抽檷浣?0%	1								666
19018 22430	1	15423	1	1	1	(22430)(1)閬撳叿_缁块噹钄撶敓	缁块噹钄撶敓	鍑婚€€6灏哄唴鏀诲嚮鑷韩鐨勭洰鏍囷紝鍏嶇柅鎺у埗锛堝嚮閫€鍜岃鎷夐櫎澶栵級	1								
19035 22468	1	15421	1	1	1	(22468)(1)閬撳叿_閫愪簯瀵掕晩鍏嶆帶	閫愪簯瀵掕晩	鍏嶇柅鎺у埗	1								
19797 23898	1	17696	1	1	1	(23898)(1)鎸夎檸寮忓垁瀹楁崲琛ㄧ幇	瀹氶鍑濅簯	鑷韩鍙楀埌鐨勪激瀹抽檷浣?0%涓斿厤鐤帶鍒舵晥鏋?鍑婚€€鍜岃鎷夐櫎澶?	1								
19798 23898	2	17696	1	1	1	(23898)(2)鎸夎檸寮忓垁瀹楁崲琛ㄧ幇	瀹氶鍑濅簯	鑷韩鍙楀埌鐨勪激瀹抽檷浣?0%涓斿厤鐤墍鏈夋帶鍒舵晥鏋?1								
19979 24148	1	18311	1	1	1	(24148)(1)鍧愰殣鐩綺鏍规嵁妫嬪瓙鏁伴噺涓嶅悓绛夌骇	鍧愰殣	姣忓眰鍚告敹8%鏈€澶х敓鍛藉€硷紝鑷韩杩愬姛涓嶈鎵撴柇銆佹墦閫€锛屽厤鐤帶鍒舵晥鏋滐紙鎺ㄦ媺闄ゅ锛?1								
20001 24172	1	17577	1	1	1	(24172)(1)娓搁椋樿釜鍏嶆帶	娓搁椋樿釜	鍏嶇柅鎺у埗(鍑婚€€鍜岃鎷夐櫎澶?	1								
20002 24172	2	17577	1	1	1	(24172)(2)娓搁椋樿釜鍏嶆帶	娓搁椋樿釜	鍏嶇柅鎺у埗(鍑婚€€鍜岃鎷夐櫎澶?涓斿彈鍒扮殑浼ゅ闄嶄綆15%	1		0	0	0				
20009 24184	1	17578	1	1	1	(24184)(1)椹伴鍏缁撴潫鍏嶆帶	椹伴鍏	鑷韩鍏嶇柅鎺у埗(鍑婚€€鍜岃鎷夐櫎澶?	1								
20018 24202	2	18324	1	1	1	(24202)(2)鑾查瓌	鑾查瓌	鍙楀埌鐨勪激瀹抽檷浣?5%锛屽厤鐤帶鍒讹紙鍑婚€€鍜岃鎷夐櫎澶栵級銆佺即姊板拰鏃犳硶杩愬姛鏁堟灉锛岃鏁堟灉鏃堕棿鍙疮鍔?1								
20038 24239	1	13	1	1	1	(24239)(1)鍑濈鍔跨牬閿嬪厤鎺?濂囩┐	鑷韩鍏嶇柅鎺у埗(鍑婚€€鍜岃鎷夐櫎澶?	1								
20039 24240	1	13	1	1	1	(24240)(1)鍐充簯鍔垮厤鎺?濂囩┐	鑷韩鍏嶇柅鎺у埗(鍑婚€€鍜岃鎷夐櫎澶?	1								
20095 24329	1	18316	1	1	1	(24329)(1)椹櫕鍏嶆帶	椹櫕	鑷韩鍏嶇柅鎺у埗锛堝嚮閫€鍜岃鎷夐櫎澶栵級锛岀Щ鍔ㄩ€熷害鎻愰珮20%	1								
20109 24353	1	17214	1	1	1	(24353)(1)瀵傜伃铔婂厤鎺?瀵傜伃铔?鍏嶇柅鎺у埗銆佸厤鐤墦鏂€佹墦閫€銆佹棤娉曡繍鍔熴€佺即姊版晥鏋?1								
20223 24524	1	18305	1	1	1	(24524)(1)钃勫姏灏勭鍏嶆帶buff	鎸ラ噾闀?鍏嶇柅鎺у埗	1								
20313 24694	1	8577	1	1	1	(24694)(1)鎵垁婵€灏?灏樿韩	鏂藉睍鏈熼棿鍏嶇柅鎺у埗鏁堟灉	1								
20764 25276	0	15423	1	1	1	(25276)(0)闈掔沪缁块噹钄撶敓娈嬬暀鍏嶆帶	闈掔沪	鍏嶇柅鎺у埗(鍑婚€€鍜岃鎷夐櫎澶?	1								
21922 26858	1	19591	1	1	1	(26858)(1)涓囩伒灞卞簞_婢勭	婢勭	鍏嶇柅鎺у埗鏁堟灉锛堝嚮閫€鍜岃鎷夐櫎澶?	1								
21973 26952	1	20316	1	1	1	(26952)(1)涓囩伒灞卞簞_鏄屽涔樹簯	娓搁浘涔樹簯	楠戜箻涔橀粍杩涜鎴樻枟銆傛彁楂?50%绉诲姩閫熷害锛屽苟鎻愰珮璺宠穬鑳藉姏锛屽厤鐤墍鏈夋帶鍒舵晥鏋?1								
21974 26952	2	20316	1	1	1	(26952)(2)涓囩伒灞卞簞_鏄屽涔樹簯	娓搁浘涔樹簯	楠戜箻涔橀粍杩涜鎴樻枟銆傛彁楂?50%绉诲姩閫熷害锛屽苟鎻愰珮璺宠穬鑳藉姏锛屽厤鐤墍鏈夋帶鍒舵晥鏋溿€傛湡闂粹€滃姴椋庣皣鈥濋€犳垚鐨勪激瀹虫彁楂?50锛?1								
22055 27121	1	19598	0	0	0	(27121)(1)涓囩伒灞卞簞_鐧借櫣璐棩鍏嶆帶鍙婇攣闈㈠悜	鐧借櫣璐棩	鍏嶇柅鎺у埗鏁堟灉锛屾棤娉曠Щ鍔ㄥ拰璋冩暣闈㈠悜	1								
22220 27544	1	20316	1	1	1	(27544)(1)鎵跺浗鎶€鑳芥浛鎹?娓搁浘涔樹簯	楠戜箻涔橀粍杩涜鎴樻枟銆傛彁楂?50%绉诲姩閫熷害锛屽苟鎻愰珮璺宠穬鑳藉姏锛屽厤鐤墍鏈夋帶鍒舵晥鏋?1								
22535 28187	1	19184	1	1	1	(28187)(1)鍖栬澏鍏嶆帶缈呰唨琛ㄧ幇	绌胯澏鍖栫窘	鑷韩鍏嶇柅鎺у埗(鍑婚€€鍜岃鎷夐櫎澶?锛屾瘡绉掑鍛ㄥ洿12灏虹殑5涓弸鏂圭洰鏍囬€犳垚娌荤枟	1								
22595 28307	1	15766	1	0	1	(28307)(1)鍒掍簯鍏嶇柅鎺у埗	鍒掍簯	鍏嶇柅鎺у埗锛堝嚮閫€鍜屾媺闄ゅ锛?1								
22596 28307	2	15766	1	0	1	(28307)(2)鍒掍簯鍏嶇柅鎺у埗	鍒掍簯	鍏嶇柅鎺у埗锛堝嚮閫€鍜屾媺闄ゅ锛?1								
22961 28968	1	22808	1	1	1	(28968)(1)闆弧	闆弧	鎷涘紡濞佽儊闄嶄綆30%锛屽厤鐤鍑诲兊鐩村拰鍑忛€熴€傛湡闂村彈鍒伴攣瓒炽€佸畾韬€佺湬鏅曘€佸嚮鍊掓晥鏋滃墠锛屼細娑堣€椾竴瀹氭椂闀跨殑鈥滈洩婊♀€濇姷寰℃湰娆℃帶鍒舵晥鏋滃苟鑾峰緱1灞傗€滆惤闆€濓紝姣忓眰鈥滆惤闆€濅娇鏈鈥滈洩婊♀€濇湡闂翠笅涓€娆℃秷鑰楀噺鍗娿€俓n鈥滈洩婊♀€濈殑鍒濆娑堣€楁椂闀夸负12绉掞紝涓斾笉浼氳娑堣€楄嚦2绉掍互涓嬶紝姣忔秷鑰?绉掑洖澶嶈嚜韬?%鏈€澶ф皵琛€鍊?1		0	0	0				
22991 29008	1	15243	1	0	0	(29008)(1)鏀诲嚮璺濈	25灏哄鍏嶇柅鎺у埗	鏃犳硶鏀跺埌25灏哄鐨勬妧鑳芥敾鍑?1		0	0	0				
22992 29008	2	15243	1	0	0	(29008)(2)鏀诲嚮璺濈	15灏哄鍏嶇柅鎺у埗	鏃犳硶鏀跺埌15灏哄鐨勬妧鑳芥敾鍑?1		0	0	0				
23096 29221	1	13386	0	0	1	(29221)(1)浜哄墤鍚堜竴鐘舵€佸厤鎺?鏃犲挨	鑷韩鍏嶇柅鎺у埗锛堣鎺ㄨ鎷夐櫎澶栵級	1		0	0	0				
23567 29886	1	22808	1	1	1	(29886)(1)娈垫爲_闆噸鑺辨弧	闆噸鑺辨弧	鍏嶇柅鎺у埗鏁堟灉	1		0	0	0				
23568 29886	2	22808	1	1	1	(29886)(2)娈垫爲_闆噸鑺辨弧	闆噸鑺辨弧	鍏嶇柅鎺у埗鏁堟灉锛屼細蹇冨嚑鐜囨彁楂?0%	1		0	0	0				
23837 30437	1	22371	1	1	1	(30437)(1)鍓懧疯鍏嶇柅鎺у埗	鍓懧疯	鍏嶇柅鎺у埗锛岀Щ鍔ㄩ€熷害闄嶄綆50%	1		0	0	0	0			
23849 30459	1	7078	1	1	1	(30459)(1)闀挎瓕鍏嶇柅鐗规畩鎺у埗	闈掗渼椋炵窘	鍏嶇柅鐗规畩鎺у埗	1		0	0	0	0			
23910 30486	1	24441	1	1	1	(30486)(1)椋為妇鍔ㄧ窘鍏嶆帶	椋為妇鍔ㄧ窘	鑷韩鍏嶇柅鎺у埗銆佹墦鏂€佺即姊板拰鏃犳硶杩愬姛鏁堟灉	1		0	0	0	0			
23984 30659	1	5356	0	1	1	(30659)(1)瀵诲疂_绁ぉ	绁ぉ	鏁堟灉鏈熼棿浼ゅ鏋佸ぇ骞呭鍔狅紝鍏嶇柅鎺у埗锛屼絾鏁堟灉缁撴潫鍚庢洿鏄撳彈鍒颁激瀹?1								
24001 30685	1	8457	1	1	1	(30685)(1)榫欓铏庢_鍏嶆帶	榫欓铏庢	鏁堟灉鏈熼棿鍏嶇柅鎺у埗	1								
24002 30685	2	8457	1	1	1	(30685)(2)榫欓铏庢_鍏嶆帶	榫欓铏庢	鏁堟灉鏈熼棿鍏嶇柅鎺у埗	1								
24065 30735	1	8577	1	1	1	(30735)(1)椤圭帇鍑婚紟_鍑烘嫑鍏嶆帶	灏樿韩	鏂藉睍鎷涘紡鏈熼棿鍏嶇柅鎺у埗鏁堟灉	1								
24077 30769	1	1448	0	0	1	(30769)(1)鐩存帴瑙﹀彂鐢熷お鏋?鐢熷お鏋?鑷韩鍏嶇柅鎺у埗(鍑婚€€鍜岃鎷夐櫎澶?	1								
24078 30769	2	1448	0	0	1	(30769)(2)鐩存帴瑙﹀彂鐢熷お鏋乢甯﹀悙鏁?鐢熷お鏋?鑷韩鍏嶇柅鎺у埗(鍑婚€€鍜岃鎷夐櫎澶?锛屽彈鍒扮殑浼ゅ闄嶄綆10%锛屼笖鏈?5%鍑犵巼浣挎敾鍑昏€呴攣瓒?绉掞紝骞跺洖澶嶈嚜韬?0%鍐呭姏锛岃鏁堟灉姣?0绉掕Е鍙戜竴娆?1								
24088 30794	1	11306	1	1	1	(30794)(1)涓愬府鍠濋厭鍏嶆帶	閰掍腑浠櫬锋晱琛?鑷韩鍏嶇柅鎺у埗锛堣鎺ㄥ拰琚媺闄ゅ锛?1								
24231 31013	1	17132	1	1	1	(31013)(1)鍚屽闇归洺闆?鐐圭噧	鐐圭噧鎺屽績闆凤紝鏈熼棿娌夐粯骞跺噺閫燂紝鍏嶇柅鎺у埗锛岀粨鏉熷悗瀵硅嚜韬崐寰?0灏哄唴鎵€鏈夌洰鏍囷紙涓嶅垎鏁屾垜锛夐€犳垚宸ㄩ浼ゅ	1								
24277 31079	1	3318	1	1	1	(31079)(1)濂囧_閫氱敤_鍑€鍏冨厤鐤帶鍒?鍑€鍏?鍏嶇柅鎺у埗鏁堟灉	1								
24278 31079	2	3318	1	1	1	(31079)(2)濂囧_閫氱敤_鍑€鍏冨厤鐤帶鍒?璐皵	鍏嶇柅鎺у埗鏁堟灉	1								
24369 31213	1	24893	1	1	1	(31213)(1)鎿嶆帶鍌€鍎℃爣璁帮紙闄勮韩鐘舵€?钀界绨?涓撳績鎿嶆帶浼跺奖锛屾湡闂存姉鎽旂郴鏁板鍔狅紝鍏嶇柅鎺у埗锛屽彈鍒颁激瀹抽檷浣?0%	1								
24394 31257	1	24874	1	1	1	(31257)(1)绮剧鎿嶄綔鑷韩buff	鎻愮嚎	姝ｅ湪鎺у埗鐩爣绉诲姩锛屾湡闂村厤鐤帶鍒讹紝鍙楀埌浼ゅ闄嶄綆20%	1								
24505 31457	1	2806	1	1	1	(31457)(1)铦夎湑鍏嶆帶3绉?铦夎湑	鍏嶇柅鎺у埗鏁堟灉	1								
24609 31634	1	0	1	1	1	(31634)(1)鎿嶇旱鍌€鍎″厤鎺?钀界绨?鍏嶇柅鎺у埗	1								
24610 31634	2	0	1	0	0	(31634)(2)鎿嶇旱鍌€鍎″厤鎺濂囩┐闀跨増	钀界绨?鍏嶇柅鎺у埗	1								
24612 31636	2	19186	1	1	1	(31636)(2)姣掔粡姣掍綋鍏嶆帶鐗?闄嶅巹	鍏嶇柅鎺у埗鏁堟灉锛堟帹鎷夐櫎澶栵級锛岀Щ鍔ㄩ€熷害鎻愰珮30%锛岃嚜韬姞閫熺巼绐佺牬涓婇檺鎻愰珮50%锛屸€滃崈鍔竾姣掓墜鈥濇嫑寮忛澶栭檮甯︿竴娈垫瘨鎬т激瀹筹紝鏈熼棿鑷韩姣忔鍙楀嚮浼氫负鐩爣娣诲姞涓€涓湭鑾峰緱鐨勨€滃崈鍔竾姣掓墜鈥濇寔缁激瀹充笉鍒╂晥鏋?1								
24623 31654	1	10842	1	1	1	(31654)(1)楦挎笎浜庨鍏嶆帶	楦挎笎浜庨	鍏嶇柅鎺у埗鏁堟灉	1								
24729 31807	1	21969	1	1	1	(31807)(1)浜屼笟鍏嶆帶	浜屼笟	鍏嶇柅鎺у埗鏁堟灉锛堝嚮閫€鍜岃鎷夐櫎澶栵級	1								
24733 31813	1	24868	1	1	1	(31813)(1)娓镐笣鏋曟湀鍏嶆帶	娓镐笣鏋曟湀	鍏嶇柅鎺у埗鏁堟灉	1								
24736 31819	1	24868	0	0	0	(31819)(1)娓镐笣鏋曟湀浜屾鎸傚ぉ鍏嶆帶	娓镐笣鏋曟湀	鍏嶇柅鎺у埗	1								
24786 31910	1	1062	1	1	1	(31910)(1)鎶ょ浘	閾佽。鍥?鑾峰緱150%鏈€澶ф皵琛€鍊兼姢鐩撅紝鏈熼棿鏃犳硶杩愬姛涓庢柦灞曡交鍔燂紝鍏嶇柅鎺у埗涓庢帹鎷?1								
25119 32425	0	4509	0	0	1	(32425)(0)鑲栫孩_杩峰績閱塤NPC	杩峰績閱?鍏嶇柅鎺у埗鏁堟灉	1		1	1		1			
25409 33008	1	24893	1	1	1	(33008)(1)钀界绨跨粨鏉熷悗鍏嶆帶	钀界绨?鍏嶇柅鎺у埗	1								
25446 33081	1	7136	1	1	0	(33081)(1)娴侀煶4甯?娴侀煶	鍏嶇柅鎺у埗	1								
25474 33138	0	1059	0	0	1	(33138)(0)1鍙穇鏈哄叧楦焈鍧氱‖澶栧３	鍧氱‖澶栧３	鍏嶇柅鎺у埗	1								
25891 50680	1	18538	0	0	1	(50680)(1)[50680]鎶ょ浘鏁堟灉	鎸佹姢	鏈€澶ф皵琛€鍊?5%鐨勬姢鐩炬晥鏋滐紝鍏嶇柅鎺у埗鏁堟灉锛岀粨鏉熸椂閫犳垚10灏鸿寖鍥翠激瀹?								
25892 50680	2	18538	0	0	1	(50680)(2)鎶ょ浘鏁堟灉	鎸佹姢	鏈€澶ф皵琛€鍊?0%鐨勬姢鐩炬晥鏋滐紝鍏嶇柅鎺у埗鏁堟灉锛岀粨鏉熸椂閫犳垚10灏鸿寖鍥翠激瀹?								
25893 50680	3	18538	0	0	1	(50680)(3)鎶ょ浘鏁堟灉	鎸佹姢	鏈€澶ф皵琛€鍊?0%鐨勬姢鐩炬晥鏋滐紝鍏嶇柅鎺у埗鏁堟灉锛岀粨鏉熸椂閫犳垚10灏鸿寖鍥翠激瀹?								
25894 50680	4	18538	0	0	1	(50680)(4)鎶ょ浘鏁堟灉	鎸佹姢	鏈€澶ф皵琛€鍊?0%鐨勬姢鐩炬晥鏋滐紝鍏嶇柅鎺у埗鏁堟灉锛岀粨鏉熸椂閫犳垚10灏鸿寖鍥翠激瀹?								
25895 50680	5	18538	0	0	1	(50680)(5)鎶ょ浘鏁堟灉	鎸佹姢	鏈€澶ф皵琛€鍊?00%鐨勬姢鐩炬晥鏋滐紝鍏嶇柅鎺у埗鏁堟灉锛岀粨鏉熸椂閫犳垚10灏鸿寖鍥翠激瀹?								
26094 50772	1	6281	1	1	1	(50772)(1)[50772]澶╃瓥鍐插埡缁撴潫	濂旈浄	楠戝尽锛岀Щ鍔ㄩ€熷害鎻愰珮20%锛屽厤鐤帶鍒跺苟浣垮彈鍒扮殑浼ゅ闄嶄綆40%锛屾寔缁鍛ㄥ洿鐩爣閫犳垚鍐插嚮浼ゅ									
26111 50792	1	2919	0	0	1	(50792)(1)璇嶆潯_鍧氶煣	鍧氶煣	鎷ユ湁鑷韩鐢熷懡鍊?00%鐨勬姢鐩撅紝骞朵笖鍏嶇柅鎺у埗									
26153 50826	1	18432	1	1	1	(50826)(1)[50826]缁濇妧涔嬪悗鑾峰緱鎶ょ浘	娲炲交	鎶ょ浘鏁堟灉锛屽彲浠ユ姷鎸?.7%鏈€澶х敓鍛藉€肩殑浼ゅ锛屾湡闂村厤鐤帶鍒舵晥鏋?								
26154 50826	2	18432	1	1	1	(50826)(2)缁濇妧涔嬪悗鑾峰緱鎶ょ浘	娲炲交	鎶ょ浘鏁堟灉锛屽彲浠ユ姷鎸?.4%鏈€澶х敓鍛藉€肩殑浼ゅ锛屾湡闂村厤鐤帶鍒舵晥鏋?								
26155 50826	3	18432	1	1	1	(50826)(3)缁濇妧涔嬪悗鑾峰緱鎶ょ浘	娲炲交	鎶ょ浘鏁堟灉锛屽彲浠ユ姷鎸?.7%鏈€澶х敓鍛藉€肩殑浼ゅ锛屾湡闂村厤鐤帶鍒舵晥鏋?								
26156 50826	4	18432	1	1	1	(50826)(4)缁濇妧涔嬪悗鑾峰緱鎶ょ浘	娲炲交	鎶ょ浘鏁堟灉锛屽彲浠ユ姷鎸?.0%鏈€澶х敓鍛藉€肩殑浼ゅ锛屾湡闂村厤鐤帶鍒舵晥鏋?								
26157 50826	5	18432	1	1	1	(50826)(5)缁濇妧涔嬪悗鑾峰緱鎶ょ浘	娲炲交	鎶ょ浘鏁堟灉锛屽彲浠ユ姷鎸?1.4%鏈€澶х敓鍛藉€肩殑浼ゅ锛屾湡闂村厤鐤帶鍒舵晥鏋?								
26309 50919	1	18574	1	1	1	(50919)(1)[50919]缁濇妧鏈虹敳_鏇挎崲妯″瀷	澶уぉ宸ュ寲韬?姝ｅ浜庡ぇ澶╁伐鍖栬韩褰㈡€侊紝绉诲姩閫熷害鎻愰珮20%锛屾瘡2绉掑鍛ㄥ洿10灏洪€犳垚1娆￠噾灞炰激瀹筹紝鍏嶇柅鎺у埗鏁堟灉									
26434 51395	1	2762	1	1	1	(51395)(1)鐚キ鍏嶆帶	缁濆路鐚キ鎺у埗鍏嶇柅	涓嶅彈鎺у埗鎷涘紡褰卞搷锛堝嚮閫€鍜岃鎷夐櫎澶栵級									
==========================================================================================
Skill.txt
312 100	0	1520	1	1	0	0	0	5		(100) 鏄熸ゼ鏈堝奖	鏄熸ゼ鏈堝奖	鎭㈠20鐐瑰ⅷ鎰忥紝娓呴櫎鑷韩鎵€鏈夌Щ鍔ㄩ檺鍒讹紝骞朵娇<BUFF 411 1 desc>锛屾寔缁?绉掞紝鎸佺画鏈熼棿鑾峰緱鍖栬В鑷韩鏈€澶ф皵琛€鍊?0%浼ゅ鐨勬姢鐩俱€?TALENT 16857 1 鍙楀埌浼ゅ瀵艰嚧鑷韩姘旇鍊间綆浜?0%锛岀珛鍒婚噸缃€滃お闃存寚鈥濃€滄槦妤兼湀褰扁€濊皟鎭椂闂达紝璇ユ晥鏋滄渶澶?0绉掕Е鍙戜竴娆?<TALENT 14634 1 璋冩伅鏃堕棿闄嶄綆3绉掞紝鑷韩寰″姴鎻愰珮5%锛屾寔缁椂闂村鍔?绉?<TALENT 29735 1 璋冩伅鏃堕棿闄嶄綆2绉掞紝鍏嶇柅鍑婚€€鍜岃鎷夛紝鎸佺画鏃堕棿澧炲姞1绉?<
399 132	0	413	1	1	0	0	0	6		(132) 鏄ユ偿鎶よ姳	鏄ユ偿鎶よ姳	缁欒嚜韬垨闃熷弸涓€涓?灞傜殑鎶ょ浘锛屼娇鍏跺彈鍒颁激瀹抽檷浣?5%锛岃鏀诲嚮鍒欐秷鑰椾竴灞傦紙姣?.5绉掓渶澶氳Е鍙戜竴娆★級锛屾瘡娑堣€椾竴灞傚垯鍥炲3%姘旇鍊硷紝鎸佺画<BUFF 122 0 time>锛屾柦灞曗€滄槬娉ユ姢鑺扁€濅細閲嶇疆杞诲姛鈥滃お闃存寚鈥濈殑璋冩伅鏃堕棿銆傚闈炰竾鑺变緺澹柦灞曟椂锛岄檮甯︹€滄稉鍩冣€濅笉鍒╂皵鍔层€?TALENT 5789 1 鎸佺画鏈熼棿鍙楀埌鐨勬不鐤楄秴杩囩洰鏍囨皵琛€鏈€澶у€肩殑20%锛屽皢鐩存帴鎭㈠鐩爣10%姘旇鏈€澶у€?<TALENT 22762 1 鍙楀埌鏀诲嚮娑堝け鏃跺皢浼氱粰鏀诲嚮鑰呮坊鍔犫€滈挓鏋楁瘬绉€鈥濇寔缁激
403 136	0	1522	1	1	0	0	0	7		(136) 姘存湀鏃犻棿	姘存湀鏃犻棿	鎭㈠20鐐瑰ⅷ鎰忋€?0绉掑唴鑻ュⅷ鎰忛珮浜?0锛屼娇浠绘剰浼ゅ鎴栫枟浼ゆ嫑寮忔棤闇€杩愬姛骞舵秷鑰?0澧ㄦ剰銆傚悓鏃惰嚜韬幏寰椻€滃竷鏁ｂ€濇皵鍔诧紝浣挎嫑寮忛€犳垚鐨勫▉鑳侀檷浣?0%锛屾贩鍏冨唴鍔熷熀纭€鏀诲嚮鍔涘拰鍩虹鐤椾激鎴愭晥鎻愰珮30%锛屾寔缁?0绉掋€傚苟浣胯嚜韬厤鐤帶鍒?鍑婚€€鍜岃鎷夐櫎澶?锛屾寔缁?绉掋€?TALENT 14641 1 鈥滃竷鏁ｂ€濇晥鏋滄寔缁椂闂撮澶栧鍔?0绉掞紝鎸佺画鏈熼棿鑷韩鍙楀埌娌荤枟鎻愰珮20%><TALENT 2639 1 鏂藉睍鍚庢仮澶嶈嚜韬?%鍐呭姏鏈€澶у€?<TALENT 2639 2 鏂藉睍鍚庢仮澶?
557 228	1	1515	1	1	0	0	0	6		(228) 澶槾鎸?澶槾鎸?闂ㄦ淳杞诲姛锛屾仮澶?鐐瑰ⅷ鎰忋€傝В闄よ嚜韬帶鍒舵晥鏋滃苟鍚戝悗鐤鹃€€锛岀Щ鍔ㄩ€熷害鎻愰珮30%锛屾寔缁?绉掞紝骞跺鍛ㄥ洿8灏哄唴鐨勭洰鏍囬€犳垚<SUB 497 0>娣峰厓鎬у唴鍔熶激瀹冲苟閿佽冻3绉掞紝鑻ヨ繖浜涚洰鏍囧浜庨獞涔樼姸鎬侊紝鍒欏皢鍏跺嚮钀介┈涓嬨€?TALENT 16857 1 鍙楀埌浼ゅ瀵艰嚧鑷韩姘旇鍊间綆浜?0%锛岀珛鍒婚噸缃€滃お闃存寚鈥濃€滄槦妤兼湀褰扁€濊皟鎭椂闂达紝璇ユ晥鏋滄渶澶?0绉掕Е鍙戜竴娆?<TALENT 18268 1 鍙樹负2灞傚厖鑳芥妧鑳斤紝鍏呰兘鏃堕棿17绉掞紝浣嗘棤娉曡鈥滄槬娉ユ姢鑺扁€濋噸缃皟鎭椂闂?<TALENT 6
558 228	2	1515	1	1	0	0	0	6		(228) 澶槾鎸?澶槾鎸?闂ㄦ淳杞诲姛锛屾仮澶?鐐瑰ⅷ鎰忋€傝В闄よ嚜韬帶鍒舵晥鏋滃苟鍚戝悗鐤鹃€€锛岀Щ鍔ㄩ€熷害鎻愰珮30%锛屾寔缁?绉掞紝骞跺鍛ㄥ洿8灏哄唴鐨勭洰鏍囬€犳垚<SUB 497 0>娣峰厓鎬у唴鍔熶激瀹冲苟閿佽冻3绉掞紝鑻ヨ繖浜涚洰鏍囧浜庨獞涔樼姸鎬侊紝鍒欏皢鍏跺嚮钀介┈涓嬨€?TALENT 16857 1 鍙楀埌浼ゅ瀵艰嚧鑷韩姘旇鍊间綆浜?0%锛岀珛鍒婚噸缃€滃お闃存寚鈥濃€滄槦妤兼湀褰扁€濊皟鎭椂闂达紝璇ユ晥鏋滄渶澶?0绉掕Е鍙戜竴娆?<TALENT 18268 1 鍙樹负2灞傚厖鑳芥妧鑳斤紝鍏呰兘鏃堕棿17绉掞紝浣嗘棤娉曡鈥滄槬娉ユ姢鑺扁€濋噸缃皟鎭椂闂?<TALENT 6
559 228	3	1515	1	1	0	0	0	6		(228) 澶槾鎸?澶槾鎸?闂ㄦ淳杞诲姛锛屾仮澶?鐐瑰ⅷ鎰忋€傝В闄よ嚜韬帶鍒舵晥鏋滃苟鍚戝悗鐤鹃€€锛岀Щ鍔ㄩ€熷害鎻愰珮30%锛屾寔缁?绉掞紝骞跺鍛ㄥ洿8灏哄唴鐨勭洰鏍囬€犳垚<SUB 497 0>娣峰厓鎬у唴鍔熶激瀹冲苟閿佽冻3绉掞紝鑻ヨ繖浜涚洰鏍囧浜庨獞涔樼姸鎬侊紝鍒欏皢鍏跺嚮钀介┈涓嬨€?TALENT 16857 1 鍙楀埌浼ゅ瀵艰嚧鑷韩姘旇鍊间綆浜?0%锛岀珛鍒婚噸缃€滃お闃存寚鈥濃€滄槦妤兼湀褰扁€濊皟鎭椂闂达紝璇ユ晥鏋滄渶澶?0绉掕Е鍙戜竴娆?<TALENT 18268 1 鍙樹负2灞傚厖鑳芥妧鑳斤紝鍏呰兘鏃堕棿17绉掞紝浣嗘棤娉曡鈥滄槬娉ユ姢鑺扁€濋噸缃皟鎭椂闂?<TALENT 6
560 228	4	1515	1	1	0	0	0	6		(228) 澶槾鎸?澶槾鎸?闂ㄦ淳杞诲姛锛屾仮澶?鐐瑰ⅷ鎰忋€傝В闄よ嚜韬帶鍒舵晥鏋滃苟鍚戝悗鐤鹃€€锛岀Щ鍔ㄩ€熷害鎻愰珮30%锛屾寔缁?绉掞紝骞跺鍛ㄥ洿8灏哄唴鐨勭洰鏍囬€犳垚<SUB 497 0>娣峰厓鎬у唴鍔熶激瀹冲苟閿佽冻3绉掞紝鑻ヨ繖浜涚洰鏍囧浜庨獞涔樼姸鎬侊紝鍒欏皢鍏跺嚮钀介┈涓嬨€?TALENT 16857 1 鍙楀埌浼ゅ瀵艰嚧鑷韩姘旇鍊间綆浜?0%锛岀珛鍒婚噸缃€滃お闃存寚鈥濃€滄槦妤兼湀褰扁€濊皟鎭椂闂达紝璇ユ晥鏋滄渶澶?0绉掕Е鍙戜竴娆?<TALENT 18268 1 鍙樹负2灞傚厖鑳芥妧鑳斤紝鍏呰兘鏃堕棿17绉掞紝浣嗘棤娉曡鈥滄槬娉ユ姢鑺扁€濋噸缃皟鎭椂闂?<TALENT 6
561 228	5	1515	1	1	0	0	0	6		(228) 澶槾鎸?澶槾鎸?闂ㄦ淳杞诲姛锛屾仮澶?鐐瑰ⅷ鎰忋€傝В闄よ嚜韬帶鍒舵晥鏋滃苟鍚戝悗鐤鹃€€锛岀Щ鍔ㄩ€熷害鎻愰珮30%锛屾寔缁?绉掞紝骞跺鍛ㄥ洿8灏哄唴鐨勭洰鏍囬€犳垚<SUB 497 0>娣峰厓鎬у唴鍔熶激瀹冲苟閿佽冻3绉掞紝鑻ヨ繖浜涚洰鏍囧浜庨獞涔樼姸鎬侊紝鍒欏皢鍏跺嚮钀介┈涓嬨€?TALENT 16857 1 鍙楀埌浼ゅ瀵艰嚧鑷韩姘旇鍊间綆浜?0%锛岀珛鍒婚噸缃€滃お闃存寚鈥濃€滄槦妤兼湀褰扁€濊皟鎭椂闂达紝璇ユ晥鏋滄渶澶?0绉掕Е鍙戜竴娆?<TALENT 18268 1 鍙樹负2灞傚厖鑳芥妧鑳斤紝鍏呰兘鏃堕棿17绉掞紝浣嗘棤娉曡鈥滄槬娉ユ姢鑺扁€濋噸缃皟鎭椂闂?<TALENT 6
562 228	6	1515	1	1	0	0	0	6		(228) 澶槾鎸?澶槾鎸?闂ㄦ淳杞诲姛锛屾仮澶?鐐瑰ⅷ鎰忋€傝В闄よ嚜韬噺閫熴€侀攣瓒炽€佽鍑诲兊鐩存晥鏋滃苟鍚戝悗鐤鹃€€锛岀Щ鍔ㄩ€熷害鎻愰珮30%锛屾寔缁?绉掞紝鍙楀埌鐨勪激瀹抽檷浣?5%锛屾寔缁?绉掞紝瀵瑰懆鍥?灏哄唴鐨勭洰鏍囬€犳垚<SUB 497 0>娣峰厓鎬у唴鍔熶激瀹冲苟閿佽冻3绉掞紝鑻ヨ繖浜涚洰鏍囧浜庨獞涔樼姸鎬侊紝鍒欏皢鍏跺嚮钀介┈涓嬨€?TALENT 16857 1 鍙楀埌浼ゅ瀵艰嚧鑷韩姘旇鍊间綆浜?0%锛岀珛鍒婚噸缃€滃お闃存寚鈥濃€滄槦妤兼湀褰扁€濊皟鎭椂闂达紝璇ユ晥鏋滄渶澶?0绉掕Е鍙戜竴娆?<TALENT 18268 1 鍙樹负2灞傚厖鑳芥妧鑳斤紝鍏呰兘鏃堕棿17绉掞紝浣嗘棤娉?
575 242	0	426	1	1	0	0	0	5		(242) 鎹夊奖寮?鎹夊奖寮?灏嗙洰鏍囧強20灏哄唴鑷韩鍙敜鐗╂媺鍒拌韩鍓嶏紝涔嬪悗浣挎晫鏂圭洰鏍囨棤娉曟柦灞曡交鍔燂紝绉诲姩閫熷害闄嶄綆50%锛屾寔缁?绉掞紝骞朵娇浣犺幏寰椾竴鐐圭閭ｃ€?TALENT 14950 1 鎴愬姛杩愬姛灏嗙洰鏍囨媺鑷宠韩杈瑰悗锛岀珛鍒荤湬鏅曞叾2绉?<TALENT 5911 1 鍙樹负2灞傚厖鑳芥妧鑳戒笖缂╃煭鐩爣琚媺鑷宠嚜韬綅缃墍闇€鏃堕棿锛?0绉掑厖鑳芥椂闂?<TALENT 14758 1 鎴樻枟鐘舵€佷笅鈥滄崏褰卞紡鈥濆浜庤皟鎭姸鎬侊紝4绉掑唴鏈柦灞曚换浣曚激瀹虫嫑寮忥紝鍒欎娇鈥滄崏褰卞紡鈥濊皟鎭椂闂撮檷浣?绉?<TALENT 19263 1 绉诲姩閫?
751 358	0	1448	1	1	0	0	0	2		(358) 鐢熷お鏋?鐢熷お鏋?浜х敓涓€涓?0灏虹殑姘斿満锛岃寖鍥村唴<BUFF 374 1 desc>锛屾晫鏂?BUFF 560 1 desc>锛屾寔缁?4绉掞紝闈炴垬鏂楃姸鎬佷笅鏂藉睍鍒欒繑杩?绉掓嫑寮忚皟鎭椂闂淬€?TALENT 14833 1 鎸佺画鏃堕棿鎻愰珮5绉掞紝闈炴垬鏂楃姸鎬佷笅姣忕棰濆鑾峰緱6鐐光€滅巹搴斾箣姘斺€濄€備笉鍐嶈Е鍙戔€滅敓澶瀬鈥濆鐩婂強鍑忛€熸晥鏋?<TALENT 23956 1 鍏嶇柅鎺у埗鏁堟灉鎸佺画鏃堕棿鎻愰珮1绉掞紝涓嶅啀闄嶄綆鐩爣绉诲姩閫熷害锛岃€屾槸涓鸿嚜韬彁楂?5%绉诲姩閫熷害><TALENT 17747 1 澶勪簬鑷韩鈥滅敓澶瀬
764 371	0	1453	1	1	0	0	0	5		(371) 闀囧北娌?闀囧北娌?浜х敓涓€涓?灏虹殑姘斿満锛岃寖鍥村唴闃熷弸<BUFF 377 1 desc>锛岃В闄よ嚜韬墍鏈夌殑鎺у埗鏁堟灉锛屽苟鍗搁櫎澶栧姛銆侀槾鎬с€佹贩鍏冩€с€侀槼鎬с€佹瘨鎬у拰鐐圭┐鐨勪笉鍒╂晥鏋滐紝鎸佺画<BUFF 620 1 time>銆傝鎷涘紡鐨勬柦鏀炬棤瑙嗕换浣曟帶鍒舵晥鏋溿€?TALENT 6904 1 璋冩伅鏃堕棿闄嶄綆2鍒嗛挓锛屾晥鏋滃彧浣滅敤浜庤嚜韬紝涓斾笉鍐嶈幏寰椻€滃寲鐢熷娍鈥濅笉鍒╂晥鏋?<TALENT 2676 1 鏂藉睍鍚庤В闄よ嚜韬墍鏈夋帶鍒舵晥鏋滐紝鍖呮嫭鍑诲€?<TALENT 14837 1 鍙楀埌浼ゅ鏈噸浼ょ姸鎬佷笅鑷韩姘旇鍊间綆
765 372	0	1452	1	1	0	0	0	9		(372) 杞咕鍧?杞咕鍧?<BUFF 384 1 desc>锛屾寔缁?绉掞紝鍚屾椂瑙ｉ櫎鎵€鏈夋帶鍒舵晥鏋滐紝鑷韩鍏嶇柅鎺у埗锛屾寔缁?绉掋€?TALENT 17741 1 璋冩伅鏃堕棿闄嶄綆15绉掞紝鏂藉睍鈥滆浆涔惧潳鈥濋噸缃€滀竾鍓戝綊瀹椻€濃€滀汉鍓戝悎涓€鈥濃€滃ぇ閬撴棤鏈€濃€滃叓鑽掑綊鍏冣€濃€滃墤鍐查槾闃斥€濈殑璋冩伅鏃堕棿><TALENT 5808 1 鍥炲15%鐨勬皵琛€锛屽彈鍒扮殑浼ゅ棰濆闄嶄綆10%><TALENT 5809 1 姣忕鎭㈠鑷韩8%姘旇鏈€澶у€?<TALENT 32400 1 闄嶄綆浼ゅ鏁堟灉鎸佺画鏃堕棿鎻愰珮4绉掞紝鏈熼棿鍙楀埌浼ゅ灏嗗
810 412	0	656	1	1	0	0	0	1		(412) 澶╃瓥-鐤惧椋?鐤惧椋?瑙ｉ櫎鎵€鏈夋帶鍒舵晥鏋滐紝鑷韩鍏嶇柅鎺у埗(鍑婚€€鍜岃鎷夐櫎澶?锛屾寔缁?绉掋€?TALENT 22727 1 璋冩伅鏃堕棿闄嶄綆5绉掞紝鑷韩鍏嶇柅鎺у埗鏁堟灉鎻愰珮鑷?绉掋€傚彲棰濆閫忔敮浣跨敤涓€娆?<TALENT 5671 1 鏁堟灉鏈熼棿鏂藉睍澶栧姛浼ゅ鎷涘紡锛屽鍓嶆柟180搴︽墖褰㈠尯鍩熷唴鐨?涓洰鏍囬€犳垚澶栧姛浼ゅ><TALENT 5672 1 灏忛槦鎴愬憳鐨勫鍔熶細蹇冨嚑鐜囨彁楂?0%锛屾寔缁?绉?<TALENT 5670 1 涓嶅彈鎺у埗鎷涘紡褰卞搷鐨勬晥鏋滄彁楂樺埌6绉掞紝骞剁珛鍒昏幏寰?鐐光€滄垬鎰忊€?<TALENT 
833 433	1	640	1	1	0	0	0	1		(433) 澶╃瓥-浠婚┌楠?浠婚┌楠?2灞傚厖鑳芥妧鑳斤紝浣胯嚜韬彲鍦ㄦ垬鏂椾腑涓婇┈锛岄噸缃嚜韬€滄柇榄傚埡鈥濃€滅牬鍧氶樀鈥濃€滄钵鏈堚€濇嫑寮忚皟鎭椂闂磋В闄よ嚜韬攣瓒虫晥鏋滐紝鎴愬姛涓婇┈鍚庤幏寰?绉掆€滅旱杞婚獞鈥濇晥鏋滐紝涓嶅彈涓嬮┈鏁堟灉褰卞搷銆佽嚜韬厤鐤帶鍒朵互鍙婁换浣曚綅绉绘嫑寮忓奖鍝嶏紝鑷韩澶栧姛鍩虹鏀诲嚮鍔涙彁楂?5%锛屼笉娑堣€楀潗楠戦ケ椋熷害锛屾寔缁?5绉掋€?TALENT 18229 1 鎷涘紡鏃犻渶杩愬姛锛屼笖鈥滅旱杞婚獞鈥濇晥鏋滄寔缁椂闂存彁楂?绉?<TALENT 2607 2 璋冩伅鏃堕棿闄嶄綆20绉掞紝鎴愬姛涓婇┈鍚?绉掑唴涓嶅彈浠讳綍鎷涘紡鎺у埗锛屽苟涓斾笉浼氳鍑讳笅椹?<TALE
842 442	0	1454	1	1	0	0	0	8		(442) 澶╃瓥-寰?寰?6绉掑唴鑷韩鍏嶇柅鎺у埗锛堝嚮閫€鍜岃鎷夐櫎澶栵級涓斿畬鍏ㄦ姷寰″嵆灏嗗彈鍒扮殑涓嬩竴娆″唴澶栧姛浼ゅ锛屾垚鍔熸姷寰′激瀹冲垯浣胯嚜韬彈鍒扮殑浼ゅ闄嶄綆35%锛屾寔缁?绉掋€傗€滈搧鐗㈠緥鈥濅笅棰濆鎶靛尽3娆′激瀹炽€?TALENT 14799 1 鎴愬姛鎶垫尅涓€娆′激瀹冲垯浼氶檷浣?绉掆€滃畧濡傚北鈥濊皟鎭椂闂?<TALENT 18487 1 鍙互鍦ㄥ熀纭€璋冩伅鏃堕棿涓柦灞曪紝鏂藉睍鍚?.5绉掑唴鎴愬姛鎶靛尽浼ゅ鍒欎娇鑷韩涓嬩竴娆℃嫑寮忎激瀹虫彁楂?0%><TALENT 14828 1 鏁堟灉鑷劧缁撴潫鍚庢瘡灞傚墿浣欐晥鏋滀娇鑷韩鍥炲6%姘旇鏈€澶у€?<TA
1105 574	0	915	1	1	0	0	0	2		(574) 铦跺紕瓒?铦跺紕瓒?浣胯嚜韬Щ鍔ㄩ€熷害鎻愰珮55%锛屾寔缁?5绉掞紝瑙ｉ櫎鑷韩鍑忛€熴€侀攣瓒崇姸鎬佸苟浣胯嚜韬厤鐤帶鍒舵晥鏋滐紝鎸佺画3绉掋€?TALENT 6572 1 鍏呰兘鏃堕棿闄嶄綆20绉掞紝鏂藉睍鍚庡湪鍏嶆帶鏈熼棿婵€娲讳簩娈垫嫑寮忥細鍚戝墠鐤惧30灏猴紝浣胯矾寰勪笂鐨?0涓洰鏍囬檮甯︹€滄€ユ洸鈥濇晥鏋?<TALENT 6575 1 鍏嶇柅鎺у埗鏁堟灉(琚媺闄ゅ)鏃堕棿棰濆澧炲姞2绉掞紝浣垮懆鍥?灏虹殑灏忛槦鎴愬憳涔熻幏寰?绉掆€滆繀褰扁€濇晥鏋溿€傝嚜韬€滆繀褰扁€濇寔缁湡闂达紝鍙楀埌鐨勨€滈攣瓒斥€濃€滃畾韬€濃€滅湬鏅曗€濃€滃嚮鍊掆€濇帶鍒舵晥鏋滄寔缁椂闂撮檷浣?0%><TALENT 
1143 588	0	335	1	1	0	0	0	8		(588) 浜哄墤鍚堜竴	浜哄墤鍚堜竴	瀵硅嚜韬懆鍥?灏哄唴鏈€澶?涓洰鏍囬€犳垚<SUB 589 0>澶栧姛浼ゅ骞跺畾韬?绉掞紝鑻ヨ嚜韬兘閲忓瓨鍦?0鐐瑰垯鍙彁鍓嶈繘鍏モ€?NounID 87>鈥濈姸鎬併€?TALENT 36106 1 鈥滀簯涓墤鈥濅激瀹虫彁楂?5%锛屾寔缁椂闂存彁楂?绉?<TALENT 24962 1 鈥滃彔鍒冣€濇晥鏋滄渶楂樺眰鏁版彁楂樿嚦7灞傦紝澶勪簬鑷韩4灞傗€滃彔鍒冣€濆強浠ヤ笂鐨勭洰鏍?5灏哄唴灏嗘彁楂樿嚜韬?5%鐨勭Щ鍔ㄩ€熷害鍜?5%鐨勫鍔熶細蹇冩晥鏋?<TALENT 17743 1 瀵规垚鍔熷畾韬殑鐩爣娣诲姞1灞傗€滃彔鍒冣€濓紝骞朵娇12
2100 1655	1	2367	1	1	0	0	0	4		(1655) 鎺㈡	鎺㈡	鑻ョ洰鏍囦负闃熷弸锛屼娇鍏?绉掑唴鍏嶇柅鎺у埗鏁堟灉锛屼笖鑾峰緱鍖栬В鑷韩鏈€澶ф皵琛€鍊?0%浼ゅ鐨勬姢鐩撅紝鍚屾椂鐩爣鍜岃嚜韬Щ鍔ㄩ€熷害鎻愰珮20%锛屾寔缁?0绉掞紝鑻ョ洰鏍囦负鏁屼汉锛屽垯瀵圭洰鏍囩殑鐩爣鏂藉睍銆?TALENT 5950 1 鏂藉睍鍚庝娇浣犲拰鐩爣鍙楀埌鐨勪激瀹抽檷浣?0%锛屾寔缁?绉?<TALENT 5949 1 鏂藉睍鍚庝娇浣犲拰鐩爣鐨勭Щ鍔ㄩ€熷害鎻愰珮40%锛屾寔缁?绉?		韪忛洩瀵绘锛屼竴鎺㈠菇鑺炽€?	杈呭姪鎶€锛屾彁楂樿嚜韬拰鐩爣绉婚€熴€?1	1			1	1				杈呭姪鎶€锛屾彁楂樿嚜韬拰鐩爣绉婚€熴€?1				
2568 2226	0	2762	1	1	0	0	0	7		(2226) 铔婅櫕鐚キ	铔婅櫕鐚キ	浜旀瘨鐢ㄧ娉曞皢鑷甫鐨勬瘨铏尞绁紝璇ユ嫑寮忓彲浠ュ湪琚帶鍒舵椂鏂藉睍銆傜尞绁皢瑙ｉ櫎鑷韩鎺у埗鏁堟灉锛屽苟鑷韩鍏嶇柅鎺у埗锛堝嚮閫€鍜岃鎷夐櫎澶栵級鎸佺画4绉掞紝鏈熼棿棣栨閲婃斁铔婅櫕涓嶅崰鐢ㄥ熀纭€璋冩伅鏃堕棿銆傚悓鏃堕檮鍔犳晥鏋滐細\n鍦ｈ潕鐚キ锛?绉掑唴鑷韩鎶€鑳借皟鎭€熷害鎻愰珮30%銆俓n鐜夎熅鐚キ锛氫娇涓讳汉鑾峰緱涓€涓姢鐩撅紝鍚告敹鑷韩姘旇鏈€澶у€?0%鐨勪激瀹筹紝鎸佺画8绉掋€俓n鐏佃泧鐚キ锛氫娇鍛ㄥ洿6灏虹殑鐩爣瀹氳韩2绉掋€俓n椋庤湀鐚キ锛氳幏寰?绉掗€愭笎琛板噺鐨?0%绉婚€熴€俓n澶╄洓鐚キ锛氫娇涓讳汉鎷涘紡鏂藉睍璺濈澧炲姞5灏猴紝鎸佺画5绉掋€俓n纰?
2581 2235	0	2748	1	1	0	0	0	6		(2235) 鍗冭澏鍚愮憺	鍗冭澏鍚愮憺	闇€鎸佺画杩愬姛锛?绉掑唴姣?.5绉掍负鍗婂緞20灏鸿寖鍥村唴姘旇鐧惧垎姣旀渶浣庣殑涓€鍚嶅皬闃熸垨鍥㈤槦鎴愬憳鎭㈠<SUB 2449 1>姘旇鍊硷紝杩愬姛鏈熼棿涓嶅彈鎺у埗鍜屾亹鎯ф晥鏋滃奖鍝嶄笖鍙楀埌鑼冨洿浼ゅ闄嶄綆20%銆?TALENT 25047 1 鈥滃崈铦跺悙鐟炩€濆彲棰濆閫忔敮浣跨敤涓€娆′笖姣忚烦鐢熸晥鑼冨洿澧炲姞1灏猴紝鍙互鍦ㄧ┖涓柦灞曪紝浣垮緱鑷韩鐭椂鍋滅暀鍦ㄧ┖涓紝鑻ュ湪绌轰腑鏂藉睍锛屾瘡璺宠繑杩?.5绉掕皟鎭椂闂达紝骞朵负鑷韩娣诲姞鍙互鏍兼尅2%姘旇鍊肩殑浼ゅ鍚告敹鐩撅紝鎸佺画2绉掞紝鍙互鍙犲姞><TALENT 6049 1 鍥炲
2592 2236	11	13	1	1	0	0	0	1		(2236) 鍩烘湰灞炴€?鍑濇番	鍩虹姘旇鎻愰珮27%\n澶栧姛闃插尽绛夌骇鎻愰珮400鐐筡n鍐呭姛闃插尽绛夌骇鎻愰珮400鐐筡n鍐呭姛闃插尽绛夌骇鎻愰珮308鐐筡n鍖栧姴绛夌骇鎻愰珮782鐐筡n鍐呭姛鏀诲嚮鎻愰珮480鐐筡n姣忕偣鏍归棰濆鎻愰珮2.03鐐规瘨鎬у唴鍔熸敾鍑伙紝0.2鐐规瘨鎬у唴鍔熺牬闃插€糪n瀹犵墿姝讳骸灏嗕负瀹夸富鎭㈠5%姘旇鏈€澶у€糪n瀹犵墿鍙楀埌鐨勮寖鍥寸被浼ゅ闄嶄綆40%锛屽厤鐤帶鍒禱n瀵归潪渚犲＋鐩爣閫犳垚鐨勪激瀹虫彁楂?SUB 44549 12>%					1	1			1				0		0				
2593 2236	12	0	1	1	0	0	0	1		(2236) 鍩烘湰灞炴€?鍑濇番	鍩虹姘旇鎻愰珮28%\n澶栧姛闃插尽绛夌骇鎻愰珮400鐐筡n鍐呭姛闃插尽绛夌骇鎻愰珮400鐐筡n鍐呭姛闃插尽绛夌骇鎻愰珮578鐐筡n鍖栧姴绛夌骇鎻愰珮1725鐐筡n鍖栧姴鐜囨彁楂?.5%\n鍐呭姛鏀诲嚮鎻愰珮1831鐐筡n姣忕偣鏍归棰濆鎻愰珮2.03鐐规瘨鎬у唴鍔熸敾鍑伙紝0.2鐐规瘨鎬у唴鍔熺牬闃插€糪n瀹犵墿姝讳骸灏嗕负瀹夸富鎭㈠5%姘旇鏈€澶у€糪n瀹犵墿鍙楀埌鐨勮寖鍥寸被浼ゅ闄嶄綆40%锛屽厤鐤帶鍒禱n瀵归潪渚犲＋鐩爣閫犳垚鐨勪激瀹虫彁楂?SUB 44549 12>%					1	1			1				0						
2594 2236	13	0	1	1	0	0	0	1		(2236) 鍩烘湰灞炴€?鍑濇番	鍩虹姘旇鎻愰珮29%\n澶栧姛闃插尽绛夌骇鎻愰珮950鐐筡n鍐呭姛闃插尽绛夌骇鎻愰珮950鐐筡n鍐呭姛闃插尽绛夌骇鎻愰珮1272鐐筡n鍖栧姴鐜囨彁楂?0%\n鍐呭姛鏀诲嚮鎻愰珮4139鐐筡n姣忕偣鏍归棰濆鎻愰珮2.03鐐规瘨鎬у唴鍔熸敾鍑伙紝0.2鐐规瘨鎬у唴鍔熺牬闃插€糪n瀹犵墿姝讳骸灏嗕负瀹夸富鎭㈠5%姘旇鏈€澶у€糪n瀹犵墿鍙楀埌鐨勮寖鍥寸被浼ゅ闄嶄綆40%锛屽厤鐤帶鍒禱n瀵归潪渚犲＋鐩爣閫犳垚鐨勪激瀹虫彁楂?SUB 44549 12>%					1	1			1				0						
2595 2236	14	0	1	1	0	0	0	1		(2236) 鍩烘湰灞炴€?鍑濇番	鍩虹姘旇鎻愰珮30%\n澶栧姛闃插尽绛夌骇鎻愰珮2850鐐筡n鍐呭姛闃插尽绛夌骇鎻愰珮2850鐐筡n鍐呭姛闃插尽绛夌骇鎻愰珮3913鐐筡n鍖栧姴鐜囨彁楂?0%\n鍐呭姛鏀诲嚮鎻愰珮7242鐐筡n姣忕偣鏍归棰濆鎻愰珮2.03鐐规瘨鎬у唴鍔熸敾鍑伙紝0.2鐐规瘨鎬у唴鍔熺牬闃插€糪n瀹犵墿姝讳骸灏嗕负瀹夸富鎭㈠5%姘旇鏈€澶у€糪n瀹犵墿鍙楀埌鐨勮寖鍥寸被浼ゅ闄嶄綆40%锛屽厤鐤帶鍒禱n瀵归潪渚犲＋鐩爣閫犳垚鐨勪激瀹虫彁楂?SUB 44549 12>%					1	1			1				0				5	0	
2606 2244	11	328	1	1	0	0	0	1		(2244) 鍩烘湰灞炴€?濞查	鍩虹姘旇鎻愰珮27%\n澶栧姛闃插尽绛夌骇鎻愰珮400鐐筡n鍐呭姛闃插尽绛夌骇鎻愰珮400鐐筡n鍐呭姛闃插尽绛夌骇鎻愰珮308鐐筡n鍖栧姴绛夌骇鎻愰珮782鐐筡n姣忕鎭㈠鐨勬皵琛€鎻愰珮214鐐筡n鐤椾激鎴愭晥鎻愰珮1669鐐筡n姣忕偣鏍归棰濆鎻愰珮3.34鐐圭枟浼ゆ垚鏁圽n瀹犵墿姝讳骸灏嗕负瀹夸富鎭㈠5%姘旇鏈€澶у€糪n鏂藉睍鈥滆箲浜戦€愭湀鈥濆厤鐤鍑诲兊鐩达紝鎸佺画4绉抃n瀹犵墿鍙楀埌鐨勮寖鍥寸被浼ゅ闄嶄綆40%锛屽厤鐤帶鍒?				1	1			1				0		0				
2607 2244	12	0	1	1	0	0	0	1		(2244) 鍩烘湰灞炴€?濞查	鍩虹姘旇鎻愰珮28%\n澶栧姛闃插尽绛夌骇鎻愰珮400鐐筡n鍐呭姛闃插尽绛夌骇鎻愰珮400鐐筡n鍐呭姛闃插尽绛夌骇鎻愰珮578鐐筡n鍖栧姴绛夌骇鎻愰珮1725鐐筡n鍖栧姴鐜囨彁楂?.5%\n姣忕鎭㈠鐨勬皵琛€鎻愰珮402鐐筡n鐤椾激鎴愭晥鎻愰珮2880鐐筡n姣忕偣鏍归棰濆鎻愰珮3.34鐐圭枟浼ゆ垚鏁圽n瀹犵墿姝讳骸灏嗕负瀹夸富鎭㈠5%姘旇鏈€澶у€糪n鏂藉睍鈥滆箲浜戦€愭湀鈥濆厤鐤鍑诲兊鐩达紝鎸佺画4绉抃n瀹犵墿鍙楀埌鐨勮寖鍥寸被浼ゅ闄嶄綆40%锛屽厤鐤帶鍒?				1	1			1				0						
2608 2244	13	0	1	1	0	0	0	1		(2244) 鍩烘湰灞炴€?濞查	鍩虹姘旇鎻愰珮29%\n澶栧姛闃插尽绛夌骇鎻愰珮950鐐筡n鍐呭姛闃插尽绛夌骇鎻愰珮950鐐筡n鍐呭姛闃插尽绛夌骇鎻愰珮1271鐐筡n鍖栧姴鐜囨彁楂?0%\n姣忕鎭㈠鐨勬皵琛€鎻愰珮885鐐筡n鐤椾激鎴愭晥鎻愰珮6112鐐筡n姣忕偣鏍归棰濆鎻愰珮3.34鐐圭枟浼ゆ垚鏁圽n瀹犵墿姝讳骸灏嗕负瀹夸富鎭㈠5%姘旇鏈€澶у€糪n鏂藉睍鈥滆箲浜戦€愭湀鈥濆厤鐤鍑诲兊鐩达紝鎸佺画4绉抃n瀹犵墿鍙楀埌鐨勮寖鍥寸被浼ゅ闄嶄綆40%锛屽厤鐤帶鍒?				1	1			1				0						
2609 2244	14	0	1	1	0	0	0	1		(2244) 鍩烘湰灞炴€?濞查	鍩虹姘旇鎻愰珮30%\n澶栧姛闃插尽绛夌骇鎻愰珮2850鐐筡n鍐呭姛闃插尽绛夌骇鎻愰珮2850鐐筡n鍐呭姛闃插尽绛夌骇鎻愰珮3913鐐筡n鍖栧姴鐜囨彁楂?0%\n姣忕鎭㈠鐨勬皵琛€鎻愰珮1684鐐筡n鐤椾激鎴愭晥鎻愰珮18358鐐筡n姣忕偣鏍归棰濆鎻愰珮3.34鐐圭枟浼ゆ垚鏁圽n瀹犵墿姝讳骸灏嗕负瀹夸富鎭㈠5%姘旇鏈€澶у€糪n鏂藉睍鈥滆箲浜戦€愭湀鈥濆厤鐤鍑诲兊鐩达紝鎸佺画4绉抃n瀹犵墿鍙楀埌鐨勮寖鍥寸被浼ゅ闄嶄綆40%锛屽厤鐤帶鍒?				1	1			1				0				5	0	
3097 2636	0	2999	1	1	0	0	0	7		(2636) 蹇洩鏃舵櫞	蹇洩鏃舵櫞	鎭㈠5鐐瑰ⅷ鎰忋€?.81绉掑唴瀵圭洰鏍囧強鐩爣闄勮繎鐨勬渶澶?涓洰鏍囬€犳垚5娆?SUB 6233 0>娣峰厓鍐呭姛浼ゅ锛屽畬鏁磋繍鍔熷悗瀵逛富鐩爣閫犳垚涓€娈电牬鎷涗激瀹炽€?TALENT 5767 1 鍛戒腑鏈夎嚜韬贩鍏冩寔缁激瀹虫晥鏋滅殑鐩爣锛屾瘡涓寔缁激瀹虫晥鏋滀娇鈥滃揩闆椂鏅粹€濅細蹇冨嚑鐜囨彁楂?%锛屼細蹇冩晥鏋滄彁楂?%><TALENT 6681 1 浼氬績鍚庡埛鏂扮洰鏍囪韩涓婄殑鎵€鏈夋贩鍏冩寔缁激瀹?<TALENT 5753 1 浼氬績鍑犵巼鎻愰珮10%锛屼細蹇冩晥鏋滄彁楂?0%><TALENT 6679 1 
3650 2955	1	3020	1	1	0	0	0	1		(2955) 娌荤枟_绂讳簤	绂讳簤	姣掓€у唴鍔熸嫑寮忓懡涓洰鏍囧悗锛岄兘鑳芥仮澶嶅綋鍓嶅疇鐗?%姘旇鏈€澶у€笺€傚疇鐗╁厤鐤帶鍒躲€?姣掓€у唴鍔熸嫑寮忓懡涓洰鏍囧悗锛岄兘鑳芥仮澶嶅綋鍓嶅疇鐗?.5%姘旇鏈€澶у€笺€傚疇鐗╁厤鐤帶鍒躲€?			1	1									0				
3654 2957	0	3028	1	1	0	0	0	8		(2957) 鍦ｆ墜缁囧ぉ	鍦ｆ墜缁囧ぉ	涓轰竴鍚嶅弸鏂圭洰鏍囨仮澶?SUB 13425 0>姘旇鍊硷紝鍚屾椂浣胯鐩爣<BUFF 2953 1 desc>锛屾寔缁?绉掋€?TALENT 14866 1 鐤椾激鏁堟灉鎻愰珮10%锛屽懡涓椂鏈?0%鍑犵巼浣胯嚜韬幏寰?灞傗€滆殨寮曗€濇晥鏋滐紝鍛戒腑姘旇鍊间綆浜?0%鐨勭洰鏍囷紝蹇呭畾浣胯嚜韬幏寰?灞傗€滆殨寮曗€濇晥鏋?<TALENT 6660 1 鈥滃湥鎵嬬粐澶┾€濆彲浠ュ厖鑳戒袱娆★紝浼氬績鍑犵巼鎻愰珮10%锛屽懡涓悗浣跨洰鏍囧湪鈥滃湥鎵嬬粐澶┾€濇湡闂磋幏寰椻€滄偓鏃モ€濇晥鏋滐細鍙楀埌鎺у埗鏁堟灉鍚庢秷鑰椻€滄偓鏃モ€濇晥鏋滃苟绔嬪埢瑙ｉ櫎鎺?
3750 3103	0	3192	1	1	0	0	0	1		(3103) 椋炴槦閬佸奖	椋炴槦閬佸奖	鍦ㄨ剼涓嬪竷缃竴涓鏄熼亖褰辨満鍏筹紝鏈哄叧瀛樺湪50绉掋€傚綋閬囧埌鍗辨€ユ儏鍐垫椂锛屽彲鍙戝姩鏈哄叧灏嗚嚜宸辩珛鍗崇壍寮曡嚦鏈哄叧澶勶紝鍚屾椂瑙ｉ櫎鑷韩鎺у埗鏁堟灉锛屽苟鑷韩鍏嶇柅鎺у埗锛堝嚮閫€鍜岃鎷夐櫎澶栵級鎸佺画4绉掞紝鏈夋晥璺濈35灏恒€傝鎷涘紡娑堣€椾竴涓満鍏炽€?TALENT 14811 1 鏁堟灉鏈熼棿锛岃嚜韬彈鍒扮殑浼ゅ闄嶄綆15%><TALENT 5709 1 绉诲姩閫熷害鎻愰珮30%锛屾寔缁?绉掞紝鏈熼棿鎷涘紡鏃犻渶杩愬姛><TALENT 5710 1 鍙戝姩鏈哄叧鍚庤嚜韬Щ鍔ㄩ€熷害鎻愰珮40%><TALENT 6468 1 
3755 3108	0	3190	1	1	0	0	0	5		(3108) 澶╃粷鍦扮伃	澶╃粷鍦扮伃	闄烽槺鎶€銆傛秷鑰?0鐐圭鏈哄€煎拰涓€涓満鍏筹紝鍦ㄧ洰鏍囩偣鎶曟幏涓€涓€滃ぉ缁濆湴鐏€濋櫡闃憋紝鎸佺画15绉掋€俓n鈥滃ぉ缁濆湴鐏€濋櫡闃憋細1.5绉掑悗婵€娲伙紝骞跺湪6灏鸿寖鍥村唴棣栨鍑虹幇鏁屾柟鐩爣鏃惰Е鍙戙€俓n鈥滃ぉ缁濆湴鐏€濊Е鍙戯細绔嬪嵆灏嗚寖鍥村唴鑷冲4涓洰鏍囨媺鎵嚦涓績骞朵娇鍏堕攣瓒?绉掞紝骞跺湪15绉掑唴姣?绉掑鑼冨洿鍐呰嚦澶?涓洰鏍囬€犳垚<SUB 36502 0>姣掓€у唴鍔熶激瀹炽€傚悓鏃跺懡涓鍚嶄緺澹洰鏍囨椂浼ゅ閫掑噺鑷冲50%銆?TALENT 6493 1 鐩爣鏁伴噺闄嶄綆3涓紝鎸佺画鏃堕棿闄嶄綆6绉掞紝鍛戒腑宸插懡涓洰鏍囧悗
3757 3110	1	3193	1	1	0	0	0	7		(3110) 楝兼枾绁炲伐	楝兼枾绁炲伐	涓庡崈鏈哄缉璺濈鍦?灏轰互鍐呮柟鍙柦灞曘€傛秷鑰?0鐐圭鏈哄€煎苟鎸佺画杩愬姛3绉掞紝鏈熼棿鍏嶇柅浼ゅ鍜屾帶鍒舵晥鏋滐紝涓哄崈鏈哄缉瑁呭～15鍙戔€滈鏂у脊鑽€濓紝骞堕噸缃崈鏈哄缉鎸佺画鏃堕棿锛岃嚜韬幏寰?5绉?NounID 96>銆?TALENT 3286 1 鏂藉睍鍚庝娇鑷韩鍙楀埌鐨勪激瀹抽檷浣?0%锛屽唴鍔熷熀纭€鏀诲嚮鍔涙彁楂?0%锛屾寔缁?绉?<TALENT 6889 1 鏂藉睍鈥滈鏂х宸モ€濆悗锛岃嚜韬彈鍒颁激瀹抽檷浣?0%锛屽彈鍒扮殑鈥滈攣瓒斥€濃€滃畾韬€濃€滅湬鏅曗€濇帶鍒舵晥鏋滄寔缁椂闂撮檷浣?0%锛屾寔缁椂闂翠笌鈥滄壃濞佲€濇寔缁椂
3758 3111	0	3185	1	1	0	0	0	8		(3111) 鏆楄棌鏉€鏈?鏆楄棌鏉€鏈?闄烽槺鎶€銆傛秷鑰椾竴涓満鍏筹紝鍦ㄧ洰鏍囩偣鎶曟幏涓€涓€滄殫钘忔潃鏈衡€濋櫡闃憋紝鎸佺画60绉掋€傚満涓婅嚦澶氬悓鏃跺瓨鍦?涓嚜韬殑鈥滄殫钘忔潃鏈衡€濋櫡闃便€俓n鈥滄殫钘忔潃鏈衡€濋櫡闃憋細1.5绉掑悗婵€娲诲苟闅愬尶锛屽苟鍦?灏鸿寖鍥村唴棣栨鍑虹幇鏁屾柟鐩爣鏃惰Е鍙戙€俓n鈥滄殫钘忔潃鏈衡€濊Е鍙戯細瀵?灏哄唴鑷冲4涓洰鏍囬€犳垚<SUB 3313 0>姣掓€у唴鍔熶激瀹冲拰涓€娆＄牬鎷涗激瀹筹紝骞朵娇鍏堕攣瓒?绉掋€傚悓涓€渚犲＋鐩爣0.75绉掑唴鍙楀埌澶氫釜鈥滄殫钘忔潃鏈衡€濅激瀹抽€掑噺50%锛岃嚦澶氬彔鍔?灞傘€?TALENT 3289 1 浼ゅ鎻愰珮2%><TALE
3759 3112	1	3197	1	1	0	0	0	1		(3112) 娴厜鎺犲奖	娴厜鎺犲奖	娓呴櫎鑷韩鎵€鏈夌Щ鍔ㄩ檺鍒跺苟浼鑷繁锛屼娇鑷繁涓庣幆澧冪浉铻嶄护鏁屼汉鏃犳硶瑙夊療寰楀埌銆備吉瑁呮椂鍏嶇柅鍑忛€熸晥鏋滐紝鎸佺画60绉掞紝璧峰10绉掍笉鍙楃Щ鍔ㄦ帶鍒讹紝骞朵笖姣忕鍥炲2%姘旇鍊硷紝涔嬪悗50绉掍竴鏃︾Щ鍔ㄥ皢浣夸吉瑁呭け鏁堬紝鍙﹀鑻ユ垚鍔熸柦鏀句换浣曟嫑寮忎吉瑁呬篃浼氬け鏁堛€?TALENT 14852 1 鏂藉睍鍚庝娇鑷韩鍗婂緞20灏哄唴棰濆鏈€澶?鍚嶅弸鏂圭洰鏍囪幏寰?绉掗殣韬晥鏋滐紝鏂藉睍浠讳綍鎷涘紡鍚庨兘浼氳В闄ら殣韬姸鎬?<TALENT 5733 1 娑堝け鏃惰嚜韬鍔熶細蹇冨嚑鐜囨彁楂?0%锛屾寔缁椂闂翠笌浼鏃堕棿鐩稿悓锛屾渶澶氭寔
3762 3115	0	3198	1	1	0	0	0	1		(3115) 鑽嗗ぉ妫樺湴	鑽嗗ぉ妫樺湴	娑堣€?5鐐圭鏈哄€硷紝瀵圭洰鏍囧彂灏勪竴涓崋妫樻満鍏筹紝浣垮叾鍙楀埌<SUB 3220 0>澶栧姛浼ゅ鎴?SUB 3221 0>姣掓€у唴鍔熶激瀹筹紝骞朵娇鍛ㄥ洿鏈€澶?涓洰鏍囪幏寰椻€滆崋澶╂鍦扳€濇晥鏋滐細澶栧姛鍛戒腑闄嶄綆100%锛屽唴鍔熼€犳垚浼ゅ闄嶄綆100%锛屾寔缁?BUFF 3215 0 time>銆傚鍔熷懡涓檷浣庯紝鍐呭姛閫犳垚浼ゅ闄嶄綆鏁堟灉姣忕閫掑噺10%銆?澶栧姛浼ゅ浼ゅ锛氭彁楂樺埌<SUB 3220 0>锛屾瘨鎬у唴鍔熶激瀹筹細鎻愰珮鍒?SUB 3221 0>銆?鑽嗗ぉ涓嶅彲涓婏紝妫樺湴闅惧杩涖€?	杈呭姪鎶€锛?
3765 3118	0	3201	1	1	0	0	0	7		(3118) 楦熺繑纰х┖	楦熺繑纰х┖	闂ㄦ淳杞诲姛锛岀獊鐮村唴鍔熼檺鍒讹紝鑳藉鍦ㄧ┖涓啀娆¤烦璺冿紝鎸佺画10绉掞紝鏂藉睍鈥滈笩缈旂ⅶ绌衡€濆悗鍙互瑙﹀彂浜屾鎶€鑳斤紝鏂藉睍鍚庤嚜韬繘鍏ユ诞绌虹姸鎬佹寔缁?2绉掞紝鏈熼棿鑾峰緱<NounID 65>锛涙诞绌烘湡闂村彲鏂藉睍涓夋鎶€鑳斤紝鍙粦缈旇嚦鐩爣鐐广€?TALENT 18664 1 鈥滈笩缈旂ⅶ绌衡€濇诞绌烘湡闂存柦灞曠涓夋鎶€鑳斤紝浣胯嚜韬幏寰楁诞绌哄墿浣欐椂闂村姞7绉掔殑鍏嶇柅鎺у埗锛堝嚮閫€鍜岃鎷夐櫎澶栵級鏁堟灉锛岀Щ鍔ㄩ€熷害鎻愰珮50%><TALENT 25116 1 鏈熼棿鈥滈€愭槦绠€濅娇鐩爣琚懡涓嚑鐜囬澶栨彁楂?0%锛屾寔缁?0绉?
3767 3120	1	3208	1	1	0	0	0	1		(3120) 楦熺繑纰х┖涓夋_闄嶈惤	楦熺繑纰х┖路闄嶈惤	婊戠繑鑷崇洰鏍囧尯鍩熴€?TALENT 18664 1 浣胯嚜韬幏寰楁诞绌哄墿浣欐椂闂村姞7绉掔殑鍏嶇柅鎺у埗鏁堟灉锛岀Щ鍔ㄩ€熷害鎻愰珮50%><TALENT 38750 1 浣胯嚜韬?绉掑唴涓嶅彈鎷涘紡鎺у埗锛堝嚮閫€鍜岃鎷夐櫎澶栵級锛屼笖閲嶇疆鈥滈浄闇囧瓙鈥濊皟鎭椂闂?					0	1			1				0		0				
4372 3795	1	2367	1	1	0	0	0	4		(3795) 钘忓墤_鎺㈡_瀵逛汉	鎺㈡	鑻ョ洰鏍囦负闃熷弸锛岃В闄ゅ叾鍙楀埌鐨勬帶鍒舵晥鏋滐紙鍑诲€掗櫎澶栵級骞朵娇鍏?绉掑唴鍏嶇柅鎺у埗鏁堟灉锛堣鎷夐櫎澶栵級锛屼笖鍙楀埌浼ゅ闄嶄綆30%锛屼娇鐩爣濞佽儊鍊兼彁楂?0%锛岃嚜韬▉鑳佸€奸檷浣?0%锛屽悓鏃剁洰鏍囧拰鑷韩绉诲姩閫熷害鎻愰珮20%锛屾寔缁?0绉掞紝鑻ョ洰鏍囦负鏁屼汉锛屽垯瀵圭洰鏍囩殑鐩爣鏂藉睍銆?TALENT 5950 1 鏂藉睍鍚庝娇浣犲拰鐩爣鍙楀埌鐨勪激瀹抽檷浣?0%锛屾寔缁?绉?<TALENT 5949 1 鏂藉睍鍚庝娇浣犲拰鐩爣鐨勭Щ鍔ㄩ€熷害鎻愰珮40%锛屾寔缁?绉?		韪忛洩瀵绘锛屼竴鎺㈠菇鑺炽€?	杈呭姪鎶€锛岃兘鏈夋晥鍦?
5581 5268	1	4892	1	1	0	0	0	3		(5268) 閰掍腑浠?閰掍腑浠?澶у彛鍠濋厭锛岃幏寰?0%鍐呭姏鍜?鐐光€滈唹鎰忊€濓紝骞朵娇涓嬩竴娆♀€滀孩榫欐湁鎮斺€濋澶栬Е鍙?NounID 71><SUB 32898 1>澶栧姛浼ゅ锛屸€滈唹鎰忊€濆皢浣胯嚜韬幏寰?NounID 9>鏁堟灉锛屸€滈唹鎰忊€濊揪鍒?鍚庡彲鏂藉睍浜屾鎷涘紡鈥滈唹閫嶉仴鈥濓紝浣胯嚜韬繘鍏ュ埌30绉掔殑<NounID 6>锛屽綋瀛樺湪<NounID 115>鏁堟灉鏃讹紝姣忔鏂藉睍灏嗚Е鍙?绉掕皟鎭椂闂淬€?TALENT 41993 1 鏁忚><TALENT 40646 1 鏂藉睍鈥滈唹閫嶉仴鈥濇椂锛屼娇鑷韩鍛ㄥ洿6灏哄唴鐨?涓晫瀵逛緺
5583 5270	0	4887	1	1	0	0	0	1		(5270) 绗戦唹鐙?绗戦唹鐙?瑙ｉ櫎鎵€鏈夋帶鍒跺苟鍏嶇柅鎺у埗4绉掞紱鎸ラ唹鎷?绉掞紝鏈熼棿涓嶅彲琚矇榛樸€佺即姊般€佹墦閫€銆佹墦鏂€佸彈鍒扮殑浼ゅ闄嶄綆60%涓旀湁50%鍑犵巼鍥炲5%姘旇鍊笺€?TALENT 14626 1 鏃犲拵><TALENT 38656 1 鍙互绉诲姩鏂藉睍锛屾湡闂寸Щ鍔ㄩ€熷害鎻愰珮100%><TALENT 6828 1 姣忕鍥炲8%姘旇锛屽畬鏁磋繍鍔燂紝鍥炲鑷韩50%鍐呭姏銆?0%姘旇骞舵竻闄よ嚜韬墍鏈変笉鍒╂晥鏋?<TALENT 44317 1 閰ｉギ><TALENT 6829 1 鈥滅瑧閱夌媯鈥濆噺浼ゆ晥鏋滄彁楂?0
5863 5602	0	4893	1	1	0	0	0	6		(5602) 椋為緳鍦ㄥぉ	椋為緳鍦ㄥぉ	鈥滅榫欐憜灏锯€濇柦灞曞悗鏂瑰彲鏂藉睍銆傛秷鑰?0%鍐呭姏锛屽皢鍦ㄧ┖涓殑鐩爣杩炵画韪㈡墦锛屽叡閫犳垚<SKILL_[6602_0;13502_0] PhysicsDamage>鐐?+<SKILLEx {D0} {SkillPhysicsAP_[6602_0;13502_0]}>)澶栧姛浼ゅ锛屽嵏闄ょ洰鏍囪韩涓婄殑娣峰厓銆侀槼鎬с€侀槾鎬с€佹瘨鎬ф皵鍔插悇1涓€傛柦灞曡繃绋嬩笎甯幏寰楀厤鐤帶鍒舵晥鏋滅殑褰卞搷銆?TALENT 25184 1 鈥滆榫欏湪鐢扳€濋檮甯︾殑鎸佺画浼ゅ鏁堟灉鎻愰珮10%锛屾柦灞曗€滀箻榫欐垙姘?
5866 5605	0	4908	1	1	0	0	0	7		(5605) 娼滈緳鍕跨敤	娼滈緳鍕跨敤	鈥滀孩榫欐湁鎮斺€濇柦灞曞悗鏂瑰彲鏂藉睍锛屾柦灞曚細瀵圭洰鏍囬€犳垚澶ч噺浼ゅ锛屽苟闄嶄綆鑷韩鈥滀箻榫欐垙姘粹€?.5绉掕皟鎭椂闂淬€傛柦灞曡繃绋嬩笎甯幏寰楀厤鐤帶鍒舵晥鏋滅殑褰卞搷锛涜嫢鏈柦灞曚細浣夸笅娆℃柦灞曟椂棰濆閫犳垚1娆′激瀹炽€?	榫欏痉鑰岄殣鑰呬篃銆?	鏀诲嚮鎶€锛岄€犳垚澶ч噺浼ゅ銆?0	0			1					鏀诲嚮鎶€锛屽鐩爣閫犳垚澶ч噺浼ゅ銆?1				
6003 5784	1	399	1	1	0	0	0	1		(5784) 涓囪姳_绂荤粡_榫欑巹1_姣拡鍔犲眰鏁?鐢熻剦	鈥滄按鏈堟棤闂粹€濈殑鍏嶇柅鎺у埗鏁堟灉鎸佺画鏃堕棿寤堕暱鑷?绉掋€傛湡闂翠娇鑷韩鍏嶇柅缂存鍜屾棤娉曡繍鍔熸晥鏋滅殑褰卞搷锛屼笖杩愬姛涓嶄細琚墦鏂€?				1	1			1						0				
6603 6575	1	4536	1	1	0	0	0	1		(6575) 涓冪_铦跺紕瓒冲彉鏁堟灉	闊抽煹	鈥滆澏寮勮冻鈥濆厤鐤帶鍒舵晥鏋?琚媺闄ゅ)鏃堕棿棰濆澧炲姞2绉掞紝浣垮懆鍥?灏虹殑灏忛槦鎴愬憳涔熻幏寰?绉掆€滆繀褰扁€濇晥鏋溿€傝嚜韬€滆繀褰扁€濇寔缁湡闂达紝鍙楀埌鐨勨€滈攣瓒斥€濃€滃畾韬€濃€滅湬鏅曗€濃€滃嚮鍊掆€濇帶鍒舵晥鏋滄寔缁椂闂撮檷浣?0%銆?				1	1			1						0				
6667 6652	0	2806	1	1	0	0	0	1		(6652) 浜旀瘨_姣掔粡_瀹犵墿鏇挎	铦夎湑	浠讳綍浼ゅ浣夸綘鐨勫綋鍓嶆皵琛€鍊间綆浜?%鏃讹紝鑻ヨ嚜韬瓨鍦ㄥ疇鐗╋紝鍒欑壓鐗插疇鐗╁苟瑙ｉ櫎鑷韩鎺у埗锛屽洖澶嶈嚜韬?0%鏈€澶ф皵琛€鍊硷紝3绉掑唴鍏嶇柅鎺у埗鏁堟灉锛岃鏁堟灉鏈€澶氭瘡150绉掕Е鍙戜竴娆°€?				1	1			1						0				
6871 6911	1	1453	1	1	0	0	0	1		(6911) 闀囧北娌冲姞寮?闀囧北娌?浜х敓涓€涓?灏虹殑姘斿満锛岃寖鍥村唴闃熷弸<BUFF 377 1 desc>锛岃В闄よ嚜韬墍鏈夌殑鎺у埗鏁堟灉锛屽苟鍗搁櫎澶栧姛銆侀槾鎬с€佹贩鍏冩€с€侀槼鎬с€佹瘨鎬у拰鐐圭┐鐨勪笉鍒╂晥鏋滐紝鎸佺画<BUFF 620 1 time>銆?TALENT 5844 1 鏁堟灉鑼冨洿鎻愰珮鑷?灏猴紝鍙楀埌鏃犳硶鏂藉睍鍐呭姛鎷涘紡鍜岀即姊版晥鏋滄椂涔熷彲浠ユ柦灞曪紝鑷韩鑻ュ浜庘€滈晣灞辨渤鈥濆綋涓紝姣忕灏嗘仮澶嶈嚜韬?%姘旇鏈€澶у€?<TALENT 6904 1 璋冩伅鏃堕棿闄嶄綆2鍒嗛挓锛屾晥鏋滃彧浣滅敤浜庤嚜韬紝涓斾笉鍐嶈幏寰椻€滃寲鐢熷娍鈥濅笉鍒╂晥鏋?<T
8548 8833	1	4536	1	1	0	0	0	1		(8833) 鍝戣繍	鍝戣繍	鏀堕晼鏃楋紝鑷韩鍙婂懆鍥?0灏鸿寖鍥村唴25鍚嶇帺瀹剁Щ鍔ㄩ€熷害澧炲姞50%锛屽悓鏃跺厤鐤竴鍒囨帶鍒跺拰琚媺鏁堟灉锛屾寔缁?0绉掋€?				1	1			1						0				
8686 9003	0	1490	1	1	0	0	0	9		(9003) 韫戜簯閫愭湀	韫戜簯閫愭湀	姹熸箹杞诲姛锛岃В闄よ鍑诲兊鐩达紝鍚戝墠鍐插埡涓€娈佃窛绂汇€傚啿鍒鸿繃绋嬩腑涓嶅彈鎷涘紡鎺у埗銆?KUNGFU 10080 1 鏂藉睍鍚庤嚜韬厤鐤鍑诲兊鐩存晥鏋滐紝鎸佺画4绉?<KUNGFU 10448 1 鏂藉睍鍚庤嚜韬厤鐤鍑诲兊鐩存晥鏋滐紝鎸佺画4绉?<KUNGFU 10028 1 鏂藉睍鍚庤嚜韬厤鐤鍑诲兊鐩存晥鏋滐紝鎸佺画4绉?<KUNGFU 10176 1 鏂藉睍鍚庤嚜韬厤鐤鍑诲兊鐩存晥鏋滐紝鎸佺画4绉?					1	1			1						0				
8687 9003	1	1490	1	1	0	0	0	9		(9003) 韫戜簯閫愭湀	韫戜簯閫愭湀	姹熸箹杞诲姛锛岃В闄よ鍑诲兊鐩达紝鍚戝墠鍐插埡涓€娈佃窛绂伙紝鎸佺画4绉掋€傚啿鍒鸿繃绋嬩腑涓嶅彈鎷涘紡鎺у埗銆?KUNGFU 10080 1 鏂藉睍鍚庤嚜韬厤鐤鍑诲兊鐩存晥鏋滐紝鎸佺画4绉?<KUNGFU 10448 1 鏂藉睍鍚庤嚜韬厤鐤鍑诲兊鐩存晥鏋滐紝鎸佺画4绉?<KUNGFU 10028 1 鏂藉睍鍚庤嚜韬厤鐤鍑诲兊鐩存晥鏋滐紝鎸佺画4绉?<KUNGFU 10176 1 鏂藉睍鍚庤嚜韬厤鐤鍑诲兊鐩存晥鏋滐紝鎸佺画4绉?					1	1			1						0				
10109 13040	1	6351	1	1	0	0	0	1		(13040) 琛€鎬?琛€鎬?鍥炲10鐐规€掓皵銆傗€滃垎灞卞姴鈥濆績娉曚笅<BUFF 8244 1 desc>锛屸€滈搧楠ㄨ。鈥濆績娉曚笅<BUFF 8245 1 desc>锛屾寔缁?0绉掞紱2绉掑唴杩炵画鏂藉睍鈥滆鎬掆€濆叾鏁堟灉鍙彔鍔犮€傛柦灞曞悗鑾峰緱鈥滃姭鍖栤€濇晥鏋滐紝鍏嶇柅鎺у埗鏁堟灉锛堝嚮閫€鎴栬€呰鎷夐櫎澶栵級锛屾寔缁?绉掞紝璇ユ晥鏋滄椂闂村彲浠ョ疮鍔犮€?TALENT 38969 1 鏂藉睍鍚庢竻绌鸿嚜韬€滄柀鍒€鈥濊皟鎭椂闂达紝骞惰幏寰?5鐐规€掓皵><TALENT 14842 1 鈥滆鎬掆€濇晥鏋滄湡闂磋嚜韬鍔熺牬闃茬瓑绾ф彁楂?5%><TALENT 148
10114 13042	0	6299	1	1	0	0	0	2		(13042) 鏃犳儳	鏃犳儳	瑙ｉ櫎鑷韩鎵€鏈夋帶鍒舵晥鏋滐紝骞朵娇鑷韩鍏嶇柅鎺у埗鍙婃亹鎯ф晥鏋滐紝鎸佺画6绉掋€傚湪鈥滃垎灞卞姴鈥濆績娉曚笅锛屽皢棰濆鑾峰緱鍙楀埌浼ゅ闄嶄綆30%鐨勬晥鏋滐紝鎸佺画6绉掋€?TALENT 26897 1 璋冩伅鏃堕棿闄嶄綆5绉掞紝鏂藉睍鈥滄棤鎯р€濆鍛ㄥ洿8灏鸿寖鍥存渶澶?涓洰鏍囬€犳垚<SUB 26898 1>澶栧姛浼ゅ锛屼娇鍏跺己鍒舵敾鍑昏嚜韬紝骞朵娇寰楀懆鍥?0灏哄洟闃熸垚鍛樿幏寰楁棤濞佽儊姘斿姴锛屾寔缁?绉?<TALENT 13122 1 鏂藉睍浣胯嚜韬尽鍔茬巼鎻愰珮5%锛屾寔缁?绉?<TALENT 34602 1 鏂藉睍鈥滄棤鎯р€濓紝浣胯嚜
10120 13049	0	6336	1	1	0	0	0	8		(13049) 鐩惧	鐩惧	鑷韩鏍兼尅鍊煎ぇ浜?0鏂瑰彲鏂藉睍锛岀珛鍒绘秷鑰?5鐐规牸鎸″€硷紝浣胯嚜韬彈鍒版墍鏈変激瀹虫晥鏋滈檷浣?0%锛屾湡闂磋嚜韬瘡鐐硅韩娉曟彁楂樿嚜韬?.9鐐规嫑鏋剁瓑绾э紝鍏嶇柅鎵€鏈夋帶鍒舵晥鏋滐紝浣嗙Щ鍔ㄩ€熷害闄嶄綆60%锛屾棤娉曟柦灞曡交鍔熴€傛垬鏂楃姸鎬佷笅姣忕鏍兼尅鍊奸檷浣?鐐广€?TALENT 13181 1 鈥滅浘澧欌€濇晥鏋滄秷澶卞悗锛屼娇鑷韩鍙楀埌鐨勪激瀹抽檷浣?0%锛屾寔缁?绉?<TALENT 13363 1 鏍兼尅鍊兼渶澶у€煎鍔?00鐐癸紝鈥滅浘澧欌€濇寔缁湡闂磋嚜韬皵琛€鏈€澶у€兼彁楂?0%><TALENT 13370 1 鈥滅浘澧欌€?
10238 13152	1	6355	1	1	0	0	0	3		(13152) 闅愬垁	闅愬垁	鏈€灏戞秷鑰?鐐规€掓皵锛屾渶澶氭秷鑰?5鐐规€掓皵锛屾秷鑰楅€愭笎澧炲姞锛岄棯鍒€鍛戒腑闄勫甫鑷韩铏氬急鎴栨祦琛€鏁堟灉鐨勭洰鏍囧悗10绉掑唴鍙繛缁柦灞曪紝闅愬垁鍛戒腑闄勫甫鑷韩铏氬急鎴栨祦琛€鏁堟灉鐨勭洰鏍囧彲瀵瑰叾閫犳垚100%鐨勬鍣ㄤ激瀹冲鍔?SUB 13286 0>澶栧姛浼ゅ锛屽苟鍐插埡绌胯繃鐩爣锛屾湡闂磋嚜韬厤鐤激瀹冲拰鎺у埗鏁堟灉锛屾寔缁?绉掞紝鏂藉睍娆℃暟瓒婂锛屾€掓皵娑堣€楄秺楂樸€?	鏃犲奖鏃犺釜鍒€鍏夌幇锛岄椹扮粷灏樻柀绔嬪喅銆?	鏀诲嚮鎶€锛岀┛瓒婄洰鏍囪韩浣撻€犳垚涓瓑澶栧姛浼ゅ鏁堟灉銆?0	1			0	0				鏀诲嚮鎶€锛屾秷鑰楁€掓皵锛岀┛瓒婄洰鏍囪韩浣撻€犳垚
10257 13172	0	6435	1	1	0	0	0	1		(13172) 鍗冮櫓_40%琛€閲忎互涓嬪厤鎺?鍗冮櫓	鎴樻枟鐘舵€佷笅锛岃嚜韬皵琛€鍊奸檷浣庤嚦40%鍙婁互涓嬫椂浣胯嚜韬厤鐤墍鏈夋帶鍒舵晥鏋滃苟浣垮彈鍒扮殑浼ゅ闄嶄綆10%锛屾寔缁?绉掋€傝鏁堟灉姣?3绉掓渶澶氳Е鍙戜竴娆°€?				1	1			1						0				
11113 13982	1	4555	1	1	0	0	0	1		(13982) 鑺遍棿_闈掕拏_澶槾鍚庡厤鎺?绉?闈掕拏	鈥滃お闃存寚鈥濇柦灞曞悗浣胯嚜韬厤鐤帶鍒舵晥鏋滐紝鎸佺画4绉掋€?				1	1			1						0				
11191 14076	0	7078	1	1	0	0	0	1		(14076) 闈掗渼椋炵窘	闈掗渼椋炵窘	闂ㄦ淳杞诲姛锛屼娇鑷韩澶勪簬娴┖鐘舵€侊紝鍏嶇柅鎺у埗銆佺即姊板拰鏃犳硶杩愬姛鏁堟灉浣嗘棤娉曠Щ鍔紱鑻ヨ嚜韬浜?NounID 60>锛屾瘡绉掑25灏哄唴褰撳墠鐩爣鍔堢爫闈掗妇鍓戞皵锛岄潚楦惧墤姘旇涓衡€滃墤路闊斥€濆璺嫑寮忥紝骞堕€犳垚<SUB 41741 1>闃存€у唴鍔熶激瀹筹紱鐩哥煡蹇冩硶涓嬮澶栧厤鐤?NounID 15>锛屾寔缁?绉掋€?TALENT 14466 1 鍑濈湁><TALENT 29069 1 娓哥窘><TALENT 41743 1 浠版><TALENT 30589 1 闊冲交><TALE
11192 14077	0	13	1	1	0	0	0	1		(14077) 鏂楀鏃犲皹	鏂楀鏃犲皹	鐪熸皵鎶€锛岃В闄よ嚜韬彈鍒扮殑鎵€鏈夋帶鍒舵晥鏋滐紝骞朵娇鑷韩鍏嶇柅鎺у埗鏁堟灉锛屾寔缁?绉掋€?TALENT 14090 1 鎶€鑳芥嫢鏈?灞傚厖鑳芥晥鏋滐紝鏁堟灉鍜屾寔缁椂闂存彁楂?0%>		涓€瀹ゆ棤灏橈紝涓囨枟鐢熷厜銆?	鐢熷瓨鎶€锛屽湪琚晫浜烘帶鍒舵椂浣跨敤鏁堟灉鏈€浣炽€?1	1			1						0				
11197 14082	0	7066	1	1	0	0	0	1		(14082) 鐤忓奖妯枩	鐤忓奖妯枩	鍦ㄧ洰鏍囩偣浣嶇疆鍙敜涓€涓?NounID 91>銆傚彲鏂藉睍鈥滅Щ褰㈡崲褰扁€濅紶閫佸洖30灏哄唴褰卞瓙浣嶇疆锛岃В闄よ嚜韬彈鎺ф晥鏋滃苟浣胯嚜韬厤鐤帶鍒讹紝鎸佺画5绉掞紝璇ユ晥鏋滄椂闂村彲绱姞銆?TALENT 30531 1 濂夌煡闊?<TALENT 14874 1 鎹ｈ。><TALENT 14873 1 鍒绘ⅵ><TALENT 32487 1 鑾查瓌><TALENT 41837 1 鍙傝繛>		鐤忚姳寮勬湀锛岀话褰遍噸鎽囥€?	杈呭姪鎶€锛屽彫鍞ゅ奖瀛愭晥鏋滆緟鍔╄嚜韬垬鏂椼€?1	1			1					杈呭姪
11291 14164	1	7169	1	1	0	0	0	1		(14164) 瓒呯劧_瀛ゅ奖鍖栧弻鍚庡噺浼ゅ厤鎺?瓒呯劧	鈥滃褰卞寲鍙屸€濊皟鎭椂闂撮檷浣?5绉掞紝鏂藉睍杩斿洖鎷涘紡鏃讹紝涓嶅彈缂存鍜屾棤娉曡繍鍔熸晥鏋滅殑褰卞搷锛屽奖瀛愯鍙洖3绉掑唴浠嶇劧浼氶檮鐫€鐜╁锛屾湡闂村垎鎽婄帺瀹跺彈鍒颁激瀹崇殑50%锛屽苟浣胯嚜韬厤鐤墍鏈夋帶鍒舵晥鏋?鍑婚€€鍜岃鎷夐櫎澶?銆?				1	1			1						0				
11381 14256	1	7129	1	1	0	0	0	1		(14256) 鐭抽棿鎰廮姊呰姳涓夊紕鐩炬湡闂村厤鐤帶鍒跺拰灏佸唴鏁堟灉	鐭抽棿鎰?鈥滄鑺变笁寮勨€濈浘瀛樺湪鏈熼棿锛岀洰鏍囧尽鍔茬巼鎻愰珮9%锛屽苟鑷冲皯缁存寔3绉掋€傝嫢鐩爣涓鸿嚜韬紝鍒欏尽鍔茬巼鎻愰珮鏁堟灉缈诲€嶃€?				1	1			1						0				
11403 14281	1	13	1	1	0	0	0	1		(14281) 鎹ｈ。_缇藉鍔犲厖鑳芥椂闂翠笖鍏嶇柅鎺у埗	鎹ｈ。	鈥滅窘鈥濆厖鑳芥椂闂村鍔犺嚦20绉掞紝鏂藉睍鍚庝娇鑷韩鍏嶇柅鎺у埗鏁堟灉锛屾寔缁?绉掞紝璇ユ晥鏋滄椂闂村彲绱姞銆?				1	1			1						0				
11792 14873	1	7163	1	1	0	0	0	1		(14873) 鍒绘ⅵ_鐤忓奖妯枩棰濆鍒涘缓褰卞瓙	鍒绘ⅵ	鈥滅枏褰辨í鏂溾€濆厖鑳芥椂闂撮檷浣?0绉掞紝浣嗏€滅Щ褰㈡崲褰扁€濅笉鍐嶉檮甯﹀厤鐤帶鍒舵晥鏋溿€?				1	1			1						0				
11793 14874	1	7165	1	1	0	0	0	1		(14874) 鎹ｈ。_鐤忓奖妯枩浼犻€佸悗鍏嶆帶3绉?鎹ｈ。	鏂藉睍鈥滅Щ褰㈡崲褰扁€濆悗锛屽湪鍏嶇柅鎺у埗鏁堟灉鏈熼棿浣胯嚜韬厤鐤即姊板拰鏃犳硶杩愬姛鏁堟灉銆?				1	1			1						0				
11967 15131	1	7500	1	1	0	0	0	1		(15131) 鎽ф槦鐮存湀	鎽ф槦鐮存湀	灞曞紑鏈哄叧缈间娇鑷韩娴┖12灏猴紝鎸佺画12绉掞紝鏁堟灉鏈熼棿鍏嶇柅鎵€鏈夋帶鍒舵晥鏋滐紝骞朵娇铓€鑲屽脊鏂藉睍璺濈鎻愰珮10灏猴紝鏃犻』杩愬姛銆?	閲戝浠嗗皠杩炰笁绠紝鎽ф槦鐮存湀绠啿澶┿€?	鐢熷瓨鎶€锛屼娇鑷韩鏈夋晥閬垮厤鏁屼汉鐨勮繎鎴樻敾鍑汇€?1	1			1	1					0				
11985 15158	1	7506	1	1	0	0	0	1		(15158) 鐮撮噸鍥?鐮撮噸鍥?绾甸┈鐤鹃┌锛岃嚜韬厤鐤帶鍒躲€佹矇榛樸€佺即姊帮紝鍙楀埌鐨勪激瀹抽檷浣?0%锛岃嚜韬嫑寮忔柦灞曡窛绂绘彁楂?灏猴紝鎺у埗鐩爣骞惰繛缁€犳垚13娆″叡璁?SUB 15163 0>澶栧姛浼ゅ鏁堟灉骞朵娇鐩爣鏃犳硶鏂藉睍杞诲姛锛屽懡涓嚮鍊掍腑鐨勭洰鏍囦激瀹虫彁楂?0%锛岄獞椹椂鏂瑰彲鏂藉睍姝ゆ嫑寮忋€?	涓嶅緱涓嶄笌鎴戞垬鑰咃紝鏀诲叾鎵€蹇呮晳涔熴€?	鐖嗗彂鎶€锛屾帶鍒剁洰鏍囧悓鏃跺鐩爣閫犳垚澶ч噺浼ゅ銆?1	1			1	1				鐖嗗彂鎶€锛屾帶鍒剁洰鏍囧苟閫犳垚澶ч噺浼ゅ銆?1				
11991 15165	1	7496	1	1	0	0	0	1		(15165) 浜屼笟渚濈紭	浜屼笟渚濈紭	浣胯嚜韬湪鈥滆瑁熲€濃€滀紡榄斺€濈姸鎬佷笅鍒囨崲銆俓n鈥滆瑁熲€濈姸鎬侊細鍙楀埌浼ゅ闄嶄綆10%锛屽彈鍒版不鐤楁晥鏋滄彁楂?0%锛屽彈鍒版帶鍒舵晥鏋滄椂鑾峰緱<NounID 88>銆傗€滀紡榄斺€濈姸鎬侊細绉诲姩閫熷害鎻愰珮10%锛岃嚜韬激瀹虫彁楂?5%锛屽▉鑳佸€奸檷浣?0%銆備粠鈥滆瑁熲€濈姸鎬佸垏鎹负鈥滀紡榄斺€濈姸鎬佹椂锛屼細鑾峰緱鎸佺画15绉掔殑鍏嶆帶鏁堟灉锛堝嚮閫€鍜岃鎷夐櫎澶栵級锛屾瘡鎷ユ湁1灞?NounID 88>锛岃鏃堕暱鍑忓皯1.5绉掋€?TALENT 26762 1 鍦ㄢ€滆瑁熲€濃€滀紡榄斺€濈姸鎬佷笅鍒囨崲灏嗗厤鐤帶鍒舵晥鏋滐紙鍑婚€€鍜岃
11992 15166	1	8008	0	1	0	0	0	1		(15166) 琚堣	浜屼笟渚濈紭	浣胯嚜韬湪鈥滆瑁熲€濃€滀紡榄斺€濈姸鎬佷笅鍒囨崲銆俓n鈥滆瑁熲€濈姸鎬侊細鍙楀埌浼ゅ闄嶄綆10%锛屽彈鍒版不鐤楁晥鏋滄彁楂?0%锛屽彈鍒版帶鍒舵晥鏋滄椂鑾峰緱<NounID 88>銆傗€滀紡榄斺€濈姸鎬侊細绉诲姩閫熷害鎻愰珮10%锛岃嚜韬激瀹虫彁楂?5%锛屽▉鑳佸€奸檷浣?0%銆備粠鈥滆瑁熲€濈姸鎬佸垏鎹负鈥滀紡榄斺€濈姸鎬佹椂锛屼細鑾峰緱鎸佺画15绉掔殑鍏嶆帶鏁堟灉锛堝嚮閫€鍜岃鎷夐櫎澶栵級锛屾瘡鎷ユ湁1灞?NounID 88>锛岃鏃堕暱鍑忓皯1.5绉掋€?TALENT 26762 1 鍦ㄢ€滆瑁熲€濃€滀紡榄斺€濈姸鎬佷笅鍒囨崲灏嗗厤鐤帶鍒舵晥鏋滐紙鍑婚€€鍜岃鎷夐櫎
12452 16028	0	8582	1	1	0	0	0	1		(16028) 榫欓铏庢	榫欓铏庢	瀵瑰墠鏂?灏鸿寖鍥村唴鐨勭洰鏍囬€犳垚<SUB 16097 0>澶栧姛浼ゅ銆備娇鑷韩鍏嶇柅鎺у埗锛屾寔缁?绉掞紝骞跺洖澶嶇媯鎰忋€佸垁榄傘€佹皵鍔插悇15鐐广€備粎鑳藉湪鈥滅鏄庡皹韬€濓紝鈥滄澗鐑熺闆锯€濅綋鎬佷笅浣跨敤銆?TALENT 16693 1 浣跨洰鏍囩Щ鍔ㄩ€熷害闄嶄綆60%锛屾寔缁?0绉?<TALENT 17045 1 浼氬績鍑犵巼鎻愰珮15%锛屾柦灞曞悗鑻ヤ笉浼氬績鍒欏洖澶嶇媯鎰忋€佸垁榄傘€佹皵鍔插悇7鐐癸紝浼氬績鍚庡洖澶嶇媯鎰忋€佸垁榄傘€佹皵鍔叉彁楂樿嚦15鐐?<TALENT 42564 1 >		椋庤檸浜戦緳锛屽畾鍥藉畨閭︺€?	
12668 16166	0	8576	1	1	0	0	0	1		(16166) 鏉剧儫绔归浘	鏉剧儫绔归浘	鍒囨崲鑷崇闆句綋鎬侊紱\n琚姩鏁堟灉锛氳嚜韬Щ鍔ㄩ€熷害鎻愰珮20%涓斿彈鍒扮殑浼ゅ闄嶄綆10%锛屾柦灞曗€滄澗鐑熺闆锯€濆璺笅鎶€鑳藉悗锛屼笅涓€鎷涒€滄闆疯吙鈥濆璺笅鎷涘紡闄勫甫15灏哄啿鍒烘晥鏋溿€俓n涓诲姩鏁堟灉锛氬皢褰撳墠鐩爣閿佽冻浣垮叾鏃犳硶鏂藉睍杞诲姛锛屽苟灏嗗叾鍑婚锛屽悓鏃跺鐩爣鍛ㄥ洿8灏哄唴3涓洰鏍囪繘琛?娆℃墦鍑诲苟閫犳垚鍍电洿鎺у埗鏁堟灉锛屾渶鍚庡啿鍚戠洰鏍囬€犳垚3绉掑嚮鍊掋€傚鏁屽鐜╁鏂藉睍鏃朵娇鑷韩鏃犳硶閫変腑锛屽厤鐤墍鏈夎礋闈㈡晥鏋溿€?TALENT 16731 1 浣撴€佷笅绉婚€熸晥鏋滈澶栧鍔?0%锛岄檷浣庤鍛戒腑鍑犵巼鏁堟灉棰濆澧?
12669 16168	0	8577	1	1	0	0	0	1		(16168) 绉€鏄庡皹韬?绉€鏄庡皹韬?鍒囨崲鑷冲皹韬綋鎬侊紱\n琚姩鏁堟灉锛氫娇鈥滄闆疯吙鈥濆璺妧鑳借Е鍙戠兢浣撲激瀹筹紝涓斺€滆笍瀹存壃鏃椻€濃€滈浄璧伴鍒団€濆彲閫忔敮浣跨敤涓ゆ銆傛柦灞曗€滀笂灏嗗啗鍗扳€濇垨鏈璺笅鍏朵粬鎷涘紡鍛戒腑鐩爣鏃讹紝鑾峰緱2灞?NounID 14>銆俓n涓诲姩鏁堟灉锛氬湪鑷韩鑼冨洿鐢熸垚涓€涓崐寰?灏虹殑闅滅鍦堬紝鎸佺画4绉掞紝鏁堟灉鏈熼棿鑷韩鍏嶇柅鎺у埗鏁堟灉銆?TALENT 16732 1 璇ヤ綋鎬佷笅娑堣€楅€忔敮娆℃暟鏂藉睍鎶€鑳界Н绱殑閫忔敮鏃堕棿鍑忓崐><TALENT 16893 1 鎶€鑳借皟鎭€熷害鎻愰珮30%><TALENT 17052
12670 16169	0	8578	1	1	0	0	0	1		(16169) 闆诞閲戝睆	闆诞閲戝睆	鍒囨崲鑷抽噾灞忎綋鎬侊紱\n琚姩鏁堟灉锛氫激瀹虫嫑寮忓懡涓洰鏍囨皵琛€鍊艰秺浣庯紝閫犳垚鐨勪激瀹宠秺楂樸€俓n涓诲姩鏁堟灉锛氭部鐫€鍒€澧欏璺戯紝杩囩▼涓厤鐤帶鍒朵笖鑷韩鍙楀埌鎵€鏈変激瀹抽檷浣?0%銆?TALENT 16740 1 璇ヤ綋鎬佷笅姣忔琚妧鑳芥敾鍑昏幏寰?鐐硅兘閲?<TALENT 16912 1 鈥滃潥澹佹竻閲庘€濆垁姘旀畫鐣欐椂闂村鍔?绉掞紝鈥滈洩绲噾灞忊€濅綋鎬佷笅鏂藉睍浼ゅ鎷涘紡鍛戒腑澶勪簬鑷韩鈥滃潥澹佹竻閲庘€濆尯鍩熷唴鐨勬晫瀵圭洰鏍囷紝鎷涘紡浼氬績鍑犵巼鎻愰珮20%锛屼細蹇冩晥鏋滄彁楂?0%><TALENT 26735 1 鍒囨崲
12900 16454	0	8631	1	1	0	0	0	1		(16454) 绉€鏄庡皹韬玙瑗挎鎮叉瓕	瑗挎鎮叉瓕	瀵瑰崐寰?灏鸿寖鍥村唴鏈€澶?鍚嶆晫瀵圭洰鏍囬€犳垚浼ゅ骞跺舰鎴愬垁姘旈殰纰嶏紝浣夸笂绌?灏鸿寖鍥村唴澶?NounID 138>涓嬬殑鐩爣灏嗕細瑙ｉ櫎<NounID 138>杩呴€熻惤鍦帮紝鎸佺画4绉掞紝鏁堟灉鏈熼棿鑷韩鍏嶇柅鎺у埗涓旈檷浣庢嫑寮忓▉鑳佸€笺€?TALENT 16958 1 瑙ｉ櫎鑷韩鍙楁帶鐘舵€佸苟浣胯寖鍥村唴灏忛槦鎴愬憳鍙楀埌鐨勪激瀹抽檷浣?0%><TALENT 17049 1 鏂藉睍鍚庨噸缃€滀笂灏嗗啗鍗扳€濈殑璋冩伅鏃堕棿骞朵娇涓嬩竴寮忊€滀笂灏嗗啗鍗扳€濅激瀹虫彁楂?5%锛屾寔缁?0绉?<TALENT 1705
12902 16459	0	8628	1	1	0	0	0	1		(16459) 闆诞閲戝睆_涓存笂韫堟渤	涓存笂韫堟渤	瑙ｉ櫎鑷韩鍑忛€熴€侀攣瓒虫晥鏋滐紝鍚戝墠娌垮垁澧欏璺?0灏猴紝杩囩▼涓厤鐤帶鍒舵晥鏋滀笖浣胯嚜韬彈鍒扮殑浼ゅ闄嶄綆60%銆?TALENT 21753 1 鍙樹负涓ゅ眰閫忔敮鎷涘紡锛岄€忔敮璋冩伅鏃堕棿20绉掋€傛柦灞曞悗绔嬪嵆鍥炲5%姘旇鍊硷紝娌垮垁澧欏璺戣繃绋嬩腑鍙楀埌浼ゅ闄嶄綆鐢?0%鎻愬崌鑷?0%>		涓囬噷鍑岀┖锛岄┌鑽℃娓娿€?	闂ㄦ淳杞诲姛锛屽彲蹇€熻劚绂绘垬鍦恒€?0	1			1					闂ㄦ淳杞诲姛锛屽彲瑙ｉ櫎鑷韩鍑忛€熴€侀攣瓒虫晥鏋滐紝鍚戝墠濂旇窇锛岃繃绋嬩腑鑷韩鍏嶇柅鎺у埗鏁堟灉骞堕檷浣庤嚜韬彈鍒扮殑浼ゅ銆?0				
12949 16601	0	8411	1	1	0	0	0	1		(16601) 椤圭帇鍑婚紟	椤圭帇鍑婚紟	灏樿韩浣撴€佷笅鏂瑰彲鏂藉睍锛屼笁娈垫敾鍑伙紝姣忔娑堣€?鐐圭媯鎰忥紝瀵瑰墠鏂?灏鸿寖鍥村唴鏈€澶?涓晫瀵圭洰鏍囬€犳垚100%姝﹀櫒浼ゅ澶栧姞<SUB 16758 0>澶栧姛浼ゅ锛屼笁娈垫敾鍑诲悗瑙﹀彂鎸佺画2绉掔兢浣撲激瀹筹紝姣?.5绉掑鍗婂緞8灏鸿寖鍥村唴鏈€澶?涓晫瀵圭洰鏍囬€犳垚100%姝﹀櫒浼ゅ澶栧姞<SUB 16382 0>澶栧姛浼ゅ锛屾湡闂村厤鐤帶鍒躲€?TALENT 16692 1 浼氬績鍑犵巼鎻愰珮10%锛屼細蹇冩晥鏋滄彁楂?0%><TALENT 16777 1 娑堣€楃殑鐙傛剰澧炲姞5鐐癸紝涓夋瑙﹀彂鐨勬寔缁寖鍥翠激
12968 16621	0	8455	1	1	0	0	0	1		(16621) 鍧氬娓呴噹	鍧氬娓呴噹	閲戝睆浣撴€佷笅鏂瑰彲鏂藉睍锛屾秷鑰?0鐐规皵鍔诧紝鍦ㄨ嚜韬墠鏂?0灏哄妶鍑轰笁閬撳垁姘旓紝瀵硅Е纰板埌鐨?0涓洰鏍囨渶浣庨€犳垚<SUB 16787 0>澶栧姛浼ゅ锛屾渶楂橀€犳垚<SUB 16791 0>澶栧姛浼ゅ锛岀洰鏍囨皵琛€鐧惧垎姣旇秺浣庯紝浼ゅ瓒婇珮锛屽苟娈嬬暀10绉掑垁姘斿尯鍩燂紝姣忕閫犳垚<SUB 16794 0>澶栧姛浼ゅ锛屽悓鏃跺懡涓涓帺瀹舵椂浼ゅ閫掑噺锛屾渶澶氶€掑噺50%銆?TALENT 16807 1 璋冩伅鏃堕棿闄嶄綆10绉掞紝涓嶅啀闄勫甫鎸佺画浼ゅ鏁堟灉锛岄娆′激瀹虫彁楂?0%骞堕檮甯?绉掗攣瓒虫晥鏋?<TA
12974 16627	0	8579	1	1	0	0	0	1		(16627) 涓婂皢鍐涘嵃	涓婂皢鍐涘嵃	灏樿韩浣撴€佷笅鏂瑰彲鏂藉睍锛屾秷鑰?0鐐圭媯鎰忥紝姣?.5绉掑鍓嶆柟闅忔満鏂瑰悜10灏哄唴鏈€澶?涓晫瀵圭洰鏍囬€犳垚鐭╁舰鑼冨洿鏀诲嚮锛岄€犳垚100%姝﹀櫒浼ゅ澶栧姞<SUB 16804 0>澶栧姛浼ゅ锛岃杩炵画鍛戒腑鐨勭洰鏍囨瘡娆″彈鍒扮殑浼ゅ鎻愰珮15%锛屾嫑寮忔湡闂村厤鐤帶鍒躲€?TALENT 16847 1 璋冩伅鏃堕棿闄嶄綆7.5绉掞紝娑堣€楃殑鐙傛剰闄嶄綆5鐐癸紝姣忔浼ゅ鍛戒腑鐩爣鍒欎娇鑷韩璋冩伅鏃堕棿闄嶄綆0.5绉掞紝姝ゆ晥鏋滄渶澶氫綔鐢?娆?<TALENT 16799 1 杩炵画鍛戒腑鐨勭洰鏍囨瘡娆″彈鍒扮殑浼ゅ鎻愰珮15%
12975 16628	0	8457	0	1	0	0	0	1		(16628) 澶у垁榫欓铏庢	榫欓铏庢	瀵瑰墠鏂?灏鸿寖鍥村唴鐨勭洰鏍囬€犳垚<SUB 16774 0>澶栧姛浼ゅ銆備娇鑷韩鍏嶇柅鎺у埗锛屾寔缁?绉掞紝骞跺洖澶嶇媯鎰忋€佸垁榄傘€佹皵鍔插悇15鐐广€備粎鑳藉湪鈥滅鏄庡皹韬€濓紝鈥滄澗鐑熺闆锯€濅綋鎬佷笅浣跨敤銆?TALENT 16693 1 浣跨洰鏍囩Щ鍔ㄩ€熷害闄嶄綆60%锛屾寔缁?0绉?<TALENT 17045 1 浼氬績鍑犵巼鎻愰珮15%锛屾柦灞曞悗鑻ヤ笉浼氬績鍒欏洖澶嶇媯鎰忋€佸垁榄傘€佹皵鍔插悇7鐐癸紝浼氬績鍚庡洖澶嶇媯鎰忋€佸垁榄傘€佹皵鍔叉彁楂樿嚦15鐐?<TALENT 42564 1 >		椋庤檸浜戦緳锛屽畾鍥藉畨閭︺€?
13036 16742	1	13	1	1	0	0	0	1		(16742) 闇稿垁_褰掗叄_鍚庢挙闄勫甫鍏嶆帶	褰掗叄	鈥滃皝娓婇渿鐓炩€濆悗缈昏窛绂诲鍔?灏轰笖4绉掑唴鍏嶇柅鎺у埗鏁堟灉銆?				1	1			1						0				
13083 16809	1	8526	1	1	0	0	0	1		(16809) 闇稿垁_娌冮噹_鍧氬娓呴噹娈嬬暀浼ゅ鍏嶆帶璋冩伅鍔犻€燂紙搴熷純锛?娌冮噹	鈥滃潥澹佹竻閲庘€濆垁姘斿尯鍩熷唴锛屽弸鏂瑰皬闃熺洰鏍囨妧鑳借皟鎭€熷害鎻愰珮100%涓斿厤鐤帶鍒舵晥鏋溿€?				1	1			1						0				
13114 16870	0	8568	1	1	0	0	0	1		(16870) 鎿掔帇鍏紡路涓€	鎿掗緳鍏柀	绔归浘浣撴€佷笅鏂瑰彲鏂藉睍锛屽叡鍏紡锛屾垚鍔熸柦灞曚簩寮忊€滄搾榫欏叚鏂┾€濊幏寰椾竴娆♀€滅姹熷ぉ鈥濇柦灞曟満浼氾紝鍙彔鍔?灞傘€傛瘡娆℃柦灞曟秷鑰?鐐瑰垁榄傚苟澧炲姞8绉掕皟鎭椂闂达紝瀵圭洰鏍囨渶浣庨€犳垚<SKILL_[16933_0;16934_0] PhysicsDamage>鐐?+<SKILLEx {D0} {SkillPhysicsAP_[16933_0;16934_0]}>)澶栧姛浼ゅ骞堕檮甯︿竴娈电牬鎷涗激瀹筹紝鏈€楂橀€犳垚<SKILL_[16943_0;16944_0] Physic
13249 17078	0	8421	1	1	0	0	0	1		(17078) 椤圭帇鍑婚紟浜屾	椤圭帇鍑婚紟	灏樿韩浣撴€佷笅鏂瑰彲鏂藉睍锛屼笁娈垫敾鍑伙紝姣忔娑堣€?鐐圭媯鎰忥紝瀵瑰墠鏂?灏鸿寖鍥村唴鏈€澶?涓晫瀵圭洰鏍囬€犳垚100%姝﹀櫒浼ゅ澶栧姞<SUB 16758 0>澶栧姛浼ゅ锛屼笁娈垫敾鍑诲悗瑙﹀彂鎸佺画2绉掔兢浣撲激瀹筹紝姣?.5绉掑鍗婂緞8灏鸿寖鍥村唴鏈€澶?涓晫瀵圭洰鏍囬€犳垚100%姝﹀櫒浼ゅ澶栧姞<SUB 16382 0>澶栧姛浼ゅ锛屾湡闂村厤鐤帶鍒躲€?TALENT 16692 1 浼氬績鍑犵巼鎻愰珮10%锛屼細蹇冩晥鏋滄彁楂?0%><TALENT 16777 1 涓夋瑙﹀彂鐨勬寔缁寖鍥翠激瀹虫瘡璺充激瀹抽€掑1
13250 17079	0	8416	1	1	0	0	0	1		(17079) 椤圭帇鍑婚紟涓夋	椤圭帇鍑婚紟	灏樿韩浣撴€佷笅鏂瑰彲鏂藉睍锛屼笁娈垫敾鍑伙紝姣忔娑堣€?鐐圭媯鎰忥紝瀵瑰墠鏂?灏鸿寖鍥村唴鏈€澶?涓晫瀵圭洰鏍囬€犳垚100%姝﹀櫒浼ゅ澶栧姞<SUB 16758 0>澶栧姛浼ゅ锛屼笁娈垫敾鍑诲悗瑙﹀彂鎸佺画2绉掔兢浣撲激瀹筹紝姣?.5绉掑鍗婂緞8灏鸿寖鍥村唴鏈€澶?涓晫瀵圭洰鏍囬€犳垚100%姝﹀櫒浼ゅ澶栧姞<SUB 16382 0>澶栧姛浼ゅ锛屾湡闂村厤鐤帶鍒躲€?TALENT 16692 1 浼氬績鍑犵巼鎻愰珮10%锛屼細蹇冩晥鏋滄彁楂?0%><TALENT 16777 1 涓夋瑙﹀彂鐨勬寔缁寖鍥翠激瀹虫瘡璺充激瀹抽€掑1
13323 17168	1	6301	1	1	0	0	0	1		(17168) 闃撮槼鎶ょ浘	闃撮槼鎶ょ浘	闃撮槼鎶ょ浘锛屽彲浠ョ粰鑷繁鍜屾渶澶?涓弸鏂圭洰鏍囧寲瑙ｄ激瀹冲苟鍏嶇柅鎺у埗		闃撮槼鎶ょ浘			1	1			1						0				
14273 18333	0	2375	1	1	0	0	0	6		(18333) 鍘熷湴椋庢潵鍚村北	椋庢潵鍚村北	娑堣€?0鐐瑰墤姘旓紝鎸ヨ垶閲嶅墤浣垮師鍦颁骇鐢熷墤鑺掞紝鍓戣姃鎸佺画鏈熼棿姣?.5绉掑鍛ㄥ洿10灏哄唴鐨勬渶澶?0涓洰鏍囬€犳垚<SUB 18991 0>澶栧姛浼ゅ锛屼激瀹虫瘡璺抽€掑10%锛屾渶澶氶€掑5娆°€傚悓鏃跺懡涓涓帺瀹舵椂鍒欎激瀹抽€掑噺锛屾渶澶氶€掑噺50%锛屽叡閫犳垚16娆′激瀹炽€?TALENT 5963 1 杩炵画鍛戒腑鐩爣5娆″悗鍒欎細灏嗙洰鏍囨鍣ㄥ嵎椋烇紝浣跨洰鏍囨棤娉曚娇鐢ㄦ鍣紝鎸佺画2绉?<TALENT 14600 1 浼氬績鍑犵巼鎻愰珮10%锛屼細蹇冩晥鏋滄彁楂?0%><TALENT 6542 1
14382 18467	1	9542	1	1	0	0	0	1		(18467) 鍓戝奖鐣欑棔灏佽交鍔?椋炵	瀵?0灏哄唴鐩爣鏂藉睍鈥滄按姒姳鐩堚€濓紝鑷韩鍏嶇柅鎺у埗锛堝嚮閫€鍜岃鎷夐櫎澶栵級锛屽彈鍒颁激瀹抽檷浣?5%锛屾寔缁?绉掋€?				1	1			1				0		0				
14388 18481	1	3200	1	1	0	0	0	1		(18481) 鏂板瓙姣嶉鐖?瀛愭瘝椋炵埅	闈炩€滄诞绌衡€濇湡闂村彲鏂藉睍锛屾秷鑰?0鐐圭鏈哄€硷紝鍚戠洰鏍囨姇鎺峰瓙姣嶉鐖挬銆傚皢鏁屼汉鐗靛紩鍒拌嚜宸辫韩鏃侊紝骞朵娇鐩爣绉诲姩閫熷害闄嶄綆50%锛屾寔缁?绉掋€?TALENT 23642 1 璋冩伅鏃堕棿闄嶄綆10绉掞紝鍙鍙嬫柟鐩爣鏂藉睍銆傝嫢鐩爣涓洪槦鍙嬶紝鍒欒嚜韬笌鐩爣闃熷弸涔嬮棿鐢熸垚涓€鏉￠攣閾炬寔缁?绉掋€傚弸鏂圭洰鏍囪幏寰椾竴涓鐩婃妧鑳解€滃瓙姣嶉鐖峰瓙鈥濓細瑙ｉ櫎鑷韩鎺у埗鏁堟灉锛屽苟浣嶇Щ鑷冲攼闂ㄩ槦鍙嬭韩鏃侊紱鑷韩鍙柦灞曚簩娈垫妧鑳解€滃瓙姣嶉鐖峰瓙鈥濓細瑙ｉ櫎鑷韩鎺у埗鏁堟灉骞朵綅绉昏嚦闃熷弸韬梺銆傛柦灞曟妧鑳藉悗闃熷弸鍜岃嚜韬厤鐤帶鍒讹紙
14422 18529	1	13	1	1	0	0	0	1		(18529) 琛屽ぉ閬撻€掑噺鍚庝激瀹虫晥鏋?琛屽ぉ閬?<SKILL PhysicsDamage>鐐?+<SKILLEx {D0} {SkillPhysicsAP}>)					1	1			1				0		0				
14461 18579	0	902	1	1	0	0	0	1		(18579) 鏂版按姒姳鐩?姘存Ν鑺辩泩	闂ㄦ淳杞诲姛锛屾棤鐩爣閲婃斁鏃讹紝浣夸綘<BUFF 318 1 desc>锛屾寔缁?BUFF 318 0 time>锛屽悓鏃惰幏寰椻€滆姳鐩堚€濇晥鏋滐紝浣胯嚜韬Щ鍔ㄩ€熷害鎻愰珮10%锛屾寔缁?绉掞紝鈥滆姳鐩堚€濇晥鏋滄渶澶氭瘡35绉掕Е鍙戜竴娆°€俓n瀵?0灏哄唴闈炶嚜韬殑鐩爣鏂藉睍锛屽垯瑙ｉ櫎鑷韩鍑忛€熴€侀攣瓒充笌琚嚮鍍电洿鏁堟灉锛岃烦璺冭嚦鐩爣韬梺锛岃嫢璺緞涓婃湁鏁屽鐩爣鍒欎緷娆¤交韪忚繃鍘伙紝骞朵娇鍏跺畾韬?绉掞紝鏈€澶氳俯韪?浣嶆晫瀵圭洰鏍囷紝鎷涘紡鏂藉睍鏈熼棿鑷韩鍏嶇柅浠讳綍鎺у埗鏁堟灉涓斿彈鍒扮殑浼ゅ闄嶄綆90%锛屾柦灞曞悗浣库€滄按姒姳鐩堚€濊皟鎭?
14464 18584	1	2777	1	1	0	0	0	2		(18584) 鏂拌泭姣?鐏佃泭	瀵逛竴鍚嶆晫鏂圭洰鏍囨柦绉?NounID 123>锛屾晥鏋滄寔缁?鍒嗛挓銆傚彲浠ユ墦鏂洰鏍囧唴鍔熻繍鍔燂紝鍛戒腑杩愬姛鐩爣浣垮叾鏃犳硶浣跨敤鍐呭姛鎷涘紡锛屾寔缁?绉掞紝20绉掑厖鑳芥椂闂淬€?TALENT 18689 1 鈥滅伒铔娾€濆彲瀵硅嚜韬€侀槦鍙嬫垨鑰呭洟闃熸垚鍛橀噴鏀撅紝浣垮叾鍏嶇柅鎺у埗锛堝嚮閫€鍜岃鎷夐櫎澶栵級锛屼緺澹洰鏍囧彈鍒扮殑浼ゅ闄嶄綆30%锛屾寔缁?绉掋€傛渶澶氬彔鍔犲埌20绉掋€傝嫢瀵规病鏈夆€滆糠蹇冭泭鈥濄€佲€滄灟娈嬭泭鈥濄€佲€滃ず鍛借泭鈥濈殑鏁屾柟鐩爣鏂藉睍鈥滅伒铔娾€濆垯杩旇繕10绉掕皟鎭椂闂?<TALENT 18691 1 璋冩伅鏃堕棿澧炲姞10
14482 18619	1	9542	1	1	0	0	0	1		(18619) 姘存Ν鑺辩泩鍑廲d	椋炶	鈥滄按姒姳鐩堚€濆鍏朵粬鐩爣閲婃斁鏃讹紝璋冩伅鏃堕棿闄嶄綆10绉掞紱閲婃斁鍚庝娇鑷韩鍏嶇柅鎺у埗锛堝嚮閫€鍜岃鎷夐櫎澶栵級锛屽彈鍒颁激瀹抽檷浣?5%锛屾寔缁?绉掋€?				1	1			1				0		1				
14517 18664	1	7370	1	1	0	0	0	1		(18664) 楦熺繑纰х┖涔嬪悗浣跨敤浜屾鎶€鑳?椋為涪閫愭湀	鈥滈笩缈旂ⅶ绌衡€濇诞绌烘湡闂存柦灞曠涓夋鎶€鑳斤紝浣胯嚜韬幏寰楁诞绌哄墿浣欐椂闂村姞3绉掔殑鍏嶇柅鎺у埗鏁堟灉锛堝嚮閫€鍜岃鎷夐櫎澶栵級锛岀Щ鍔ㄩ€熷害鎻愰珮50%銆?				1	1			1				0		0				
14519 18668	0	624	1	1	0	0	0	1		(18668) 鍏悎鐙皧澧炲己	鍏悎鐙皧	鈥滃叚鍚堢嫭灏娾€濊繍鍔?.5绉掍箣鍚庯紝鍦ㄧ洰鏍囩偣褰㈡垚鈥滃叓鏂瑰墤鍩熲€濇晥鏋滐紝鍖哄煙鍐呮渶澶?涓洰鏍囨瘡0.6绉掑彈鍒?SUB 18670 31>娣峰厓鎬у唴鍔熶激瀹筹紝骞堕檷浣?0%绉诲姩閫熷害锛屸€滃叓鏂瑰墤鍩熲€濇寔缁?绉掞紝鍚屾椂鍛戒腑澶氫釜鐜╁鏃跺垯浼ゅ閫掑噺锛屾渶澶氶€掑噺50%銆?TALENT 6910 1 鐩爣鏁伴噺闄嶄綆3涓紝浼ゅ鎻愰珮30%><TALENT 21707 1 鑼冨洿鎻愰珮2灏猴紝鐩爣鏁伴噺鎻愰珮2涓紝浼氬績鍛戒腑涓€涓洰鏍囧垯鑾峰緱涓€鏌勨€滄皵鍓戔€?<TALENT 5826 1 姣忓懡涓竴涓?
14522 18672	1	9552	1	1	0	0	0	1		(18672) 鐧鹃噷杩介瓊	鐧鹃噷杩介瓊	浣胯嚜韬繘鍏ョ嫏鍑荤姸鎬侊紝钃勫姏4娆℃€昏1.25绉掞紝钃勫姏鏈熼棿鍏嶇柅鎵撴柇锛屾矇榛橈紝鎺у埗锛屽鐩爣鐐硅寖鍥存渶澶?涓洰鏍囬€犳垚鏈€灏?SUB 33870 1>澶栧姛浼ゅ锛屾渶澶?SUB 33870 4>澶栧姛浼ゅ锛岃搫鍔涙椂闂磋秺闀匡紝浼ゅ瓒婇珮涓旇寖鍥磋秺灏忋€傛瘡钃勫姏1娆★紝浼氬績鎻愰珮22.5%锛屾棤瑙嗙洰鏍?5%澶栧姛闃插尽銆傝鎷涘紡瑙嗕负鈥滅櫨姝ョ┛鏉ㄢ€濆璺嫑寮忚鎷涘紡娑堣€椾竴鏋氬缉绠€傚湪鏀婚槻鍜屾嵁鐐圭幆澧冧激瀹抽檷浣?0%銆?TALENT 42451 1 鏂藉睍鈥滈€愭槦绠€濋澶栬幏寰椾竴灞傗€滄棤澹扳€濇晥鏋滃苟浣?0
14528 18678	0	4908	1	1	0	0	0	1		(18678) 娼滈緳鍕跨敤涓€鎺?娼滈緳鍕跨敤	鈥滀孩榫欐湁鎮斺€濇柦灞曞悗鏂瑰彲鏂藉睍锛屾柦灞曚細瀵圭洰鏍囬€犳垚涓冩鍏?SKILL_[6604_6;6605_6;6606_6;6604_6;6605_6;6606_6;18678_0] PhysicsDamage>鐐?+<SKILLEx {D0} {SkillPhysicsAP_[6604_6;6605_6;6606_6;6604_6;6605_6;6606_6;18678_0]}>)澶栧姛浼ゅ锛屽苟闄嶄綆鑷韩鈥滀箻榫欐垙姘粹€?.5绉掕皟鎭椂闂淬€傛柦灞曡繃绋?
14529 18679	1	9530	1	1	0	0	0	1		(18679) 娴敓_鍏悎鐙皧澧炲己	娴敓	鈥滃叚鍚堢嫭灏娾€濊繍鍔?.5绉掍箣鍚庯紝鍦ㄧ洰鏍囩偣褰㈡垚鈥滃叓鏂瑰墤鍩熲€濇晥鏋滐紝鍖哄煙鍐呮渶澶?涓洰鏍囨瘡0.6绉掑彈鍒?SUB 18670 31>娣峰厓鎬у唴鍔熶激瀹筹紝骞堕檷浣?0%绉诲姩閫熷害锛屸€滃叓鏂瑰墤鍩熲€濇寔缁?绉掞紝鍚屾椂鍛戒腑澶氫釜鐜╁鏃跺垯浼ゅ閫掑噺锛屾渶澶氶€掑噺50%銆?				1	1			1				0		0				
14536 18689	1	9564	1	1	0	0	0	1		(18689) 18689 鐏佃泭鑳藉鍙嬫柟鐩爣浣跨敤(姣掔粡)	铔婂奖	鈥滅伒铔娾€濋噴鏀惧悗鑷韩鍏嶇柅鎺у埗锛堝嚮閫€鍜岃鎷夐櫎澶栵級锛屽彈鍒扮殑浼ゅ闄嶄綆20%锛屾寔缁?.5绉掞紝璇ユ寔缁椂闂村彲浠ョ疮鍔犮€?				1	1			1				0		0				
14573 18769	1	2367	1	1	0	0	0	4		(18769) 鎺㈡閲嶅墤澶嶅埗	鎺㈡	鑻ョ洰鏍囦负闃熷弸锛岃В闄ゅ叾鍙楀埌鐨勬帶鍒舵晥鏋滐紙鍑诲€掗櫎澶栵級骞朵娇鍏?绉掑唴鍏嶇柅鎺у埗鏁堟灉锛堣鎷夐櫎澶栵級锛屼笖鍙楀埌浼ゅ闄嶄綆30%锛屼娇鐩爣濞佽儊鍊兼彁楂?0%锛岃嚜韬▉鑳佸€奸檷浣?0%锛屽悓鏃剁洰鏍囧拰鑷韩绉诲姩閫熷害鎻愰珮20%锛屾寔缁?0绉掞紝鑻ョ洰鏍囦负鏁屼汉锛屽垯瀵圭洰鏍囩殑鐩爣鏂藉睍銆?TALENT 5950 1 鏂藉睍鍚庝娇浣犲拰鐩爣鍙楀埌鐨勪激瀹抽檷浣?0%锛屾寔缁?绉?<TALENT 5949 1 鏂藉睍鍚庝娇浣犲拰鐩爣鐨勭Щ鍔ㄩ€熷害鎻愰珮40%锛屾寔缁?绉?		韪忛洩瀵绘锛屼竴鎺㈠菇鑺炽€?	杈呭姪鎶€锛岃兘鏈夋晥鍦?
14591 18803	0	3191	1	1	0	0	0	6		(18803) 鍗冩満鍙榑椋炲ぉ	鍗冩満鍙樎烽澶?娑堣€?0鐐圭鏈哄€硷紝鍦ㄧ洰鏍囦綅缃缃竴涓崈鏈哄缉銆傚崈鏈哄缉鍙互鍙樺舰鎴愪笁绉嶅舰鎬侊細1.杩炲缉锛?.5绉掑彂灏勪竴鏋氬缉绠紝25灏烘敾鍑昏寖鍥达紝瀵圭洰鏍囬€犳垚<SUB 3401 0>姣掓€у唴鍔熶激瀹筹紝鎸佺画2鍒嗛挓銆?.閲嶅缉锛屾敾閫熸參锛屼激瀹抽珮锛?绉掑彂灏勪竴鏋氬缉绠紝25灏烘敾鍑昏寖鍥达紝鍙鐩爣鍛ㄥ洿4灏哄唴鏈€澶?涓晫鏂圭洰鏍囬€犳垚<SUB 3819 0>姣掓€у唴鍔熶激瀹筹紝鎸佺画2鍒嗛挓銆?.姣掑埞锛岃寖鍥翠激瀹筹紝10灏烘敾鍑昏寖鍥达紝鎸佺画8绉掞紝姣忕瀵规渶澶?涓晫鏂圭洰鏍囬€犳垚<SUB 3367 0>姣?
14592 18804	0	3190	1	1	0	0	0	5		(18804) 澶╃粷鍦扮伃_椋炲ぉ	澶╃粷鍦扮伃路椋炲ぉ	娑堣€?0鐐圭鏈哄€硷紝鍦ㄧ洰鏍囩偣鎶曟幏涓€涓ぉ缁濆湴鐏櫡闃憋紝姣?绉掑闄烽槺鍛ㄥ洿6灏鸿寖鍥村唴鐨勬渶澶?涓洰鏍囬€犳垚涓€娆?SUB 3301 0>姣掓€у唴鍔熶激瀹筹紝鍚屾椂鍛戒腑澶氫釜鐜╁鏃朵激瀹抽€掑噺锛屾渶澶氶€掑噺50%銆傞櫡闃卞彧鑳藉瓨鍦?5绉掞紱棣栨韪╁埌鏈哄叧鐨勪汉灏嗚閿佽冻锛屽苟灏嗗懆鍥?0灏鸿寖鍥村唴鏈€澶?涓洰鏍囩珛鍗虫媺鎵埌鏈哄叧鎵€鍦ㄧ偣銆傝鎷涘紡娑堣€椾竴涓満鍏炽€?TALENT 6493 1 鐩爣鏁伴噺闄嶄綆5涓紝鎸佺画鏃堕棿闄嶄綆6绉掞紝杩炵画鍛戒腑鍚屼竴鐩爣鏃堕澶栭€犳垚涓€娆?80%鈥滃ぉ缁濆湴鐏€濅激瀹?
14614 18835	0	4908	1	1	0	0	0	7		(18835) 娼滈緳鍕跨敤姣嶆妧鑳?娼滈緳鍕跨敤	鈥滀孩榫欐湁鎮斺€濇柦灞曞悗鏂瑰彲鏂藉睍锛屾柦灞曚細瀵圭洰鏍囬€犳垚涓冩鍏?SKILL_[6604_0;6605_0;6606_0;6604_0;6605_0;6606_0] PhysicsDamage>鐐?+<SKILLEx {D0} {SkillPhysicsAP_[6604_0;6605_0;6606_0;6604_0;6605_0;6606_0]}>)澶栧姛浼ゅ锛屽苟闄嶄綆鑷韩鈥滀箻榫欐垙姘粹€?.5绉掕皟鎭椂闂淬€傛柦灞曡繃绋嬩笎甯幏寰楀厤鐤帶鍒舵晥鏋滅殑褰卞搷銆傝嫢
14929 19263	1	11319	1	1	0	0	0	1		(19263) 鏃犵浉璇€鍑忎激鎻愰珮	閾０	閲婃斁鈥滄崏褰卞紡鈥濈Щ鍔ㄩ€熷害鎻愰珮30%锛屽苟浣胯嚜韬厤鐤帶鍒舵晥鏋滐紙鍑婚€€鍜岃鎷夐櫎澶栵級鎸佺画4绉掋€?				1	1			1				0		0				
14970 19344	0	8579	1	1	0	0	0	1		(19344) 涓婂皢鍐涘嵃涓冨垁	涓婂皢鍐涘嵃	灏樿韩浣撴€佷笅鏂瑰彲鏂藉睍锛屾秷鑰?0鐐圭媯鎰忥紝姣?.5绉掑鍓嶆柟闅忔満鏂瑰悜10灏哄唴鏈€澶?涓晫瀵圭洰鏍囬€犳垚鐭╁舰鑼冨洿鏀诲嚮锛岄€犳垚100%姝﹀櫒浼ゅ澶栧姞<SUB 16804 0>澶栧姛浼ゅ锛岃杩炵画鍛戒腑鐨勭洰鏍囨瘡娆″彈鍒扮殑浼ゅ鎻愰珮15%锛屾嫑寮忔湡闂村厤鐤帶鍒躲€?TALENT 16847 1 璋冩伅鏃堕棿闄嶄綆7.5绉掞紝娑堣€楃殑鐙傛剰闄嶄綆5鐐癸紝姣忔浼ゅ鍛戒腑鐩爣鍒欎娇鑷韩璋冩伅鏃堕棿闄嶄綆0.5绉掞紝姝ゆ晥鏋滄渶澶氫綔鐢?娆?<TALENT 16799 1 杩炵画鍛戒腑鐨勭洰鏍囨瘡娆″彈鍒扮殑浼ゅ鎻愰珮1
15096 19552	0	10479	1	1	0	0	0	1		(19552) 鍒哄_灏廮鐖嗗彂	瑙夐啋	鍒╃敤浣撳唴鐨勫案姣掑寮哄唴鍔涳紝瑙ｉ櫎鎵€鏈夋帶鍒舵晥鏋滐紝3绉掑唴鎻愬崌25%浼ゅ骞跺厤鐤帶鍒舵晥鏋溿€?				1	1			1				0		0				
15098 19554	0	10470	1	1	0	0	0	1		(19554) 閫氱敤_鍑€鍖?闂€?瑙ｉ櫎鎵€鏈夋帶鍒讹紝骞跺湪鎺ヤ笅鏉ョ殑3绉掑唴锛屽厤鐤帶鍒讹紝绉诲姩閫熷害澧炲姞20%銆?				1	1			1				0		0				
15107 19564	0	10472	1	1	0	0	0	1		(19564) 鎴樺＋_澶鍓戝垉椋庢毚	鍘夐	楂橀€熸棆杞湪鍛ㄥ洿寮曞彂姣掕鏃嬮锛屼簲绉掑唴姣忕瀵瑰懆鍥存晫浜洪€犳垚澶ч噺浼ゅ骞跺厤鐤竴鍒囨帶鍒舵晥鏋溿€?				1	1			1				0		0				
15108 19565	0	10472	1	1	0	0	0	1		(19565) 鎴樺＋_灏廮鍓戝垉椋庢毚	鍘夐	楂橀€熸棆杞湪鍛ㄥ洿寮曞彂姣掕鏃嬮锛屼簲绉掑唴姣忕瀵瑰懆鍥存晫浜洪€犳垚澶ч噺浼ゅ骞跺厤鐤竴鍒囨帶鍒舵晥鏋溿€?				1	1			1				0		0				
15388 19828	0	10765	1	1	0	0	0	1		(19828) 娴父澶╁湴	娴父澶╁湴	瑙ｉ櫎鑷韩鍑忛€熷拰閿佽冻鏁堟灉锛岃搫鍔涘揩閫熻穬璧峰6灏鸿寖鍥村唴鐨勬渶澶?涓晫瀵圭洰鏍囬€犳垚200%姝﹀櫒浼ゅ澶栧姞1娈靛鍔熶激瀹筹紝闅忓悗杩涘叆鎾戜紴娴┖鐘舵€佸苟浣胯嚜韬?绉掑唴鍏嶇柅鎺у埗锛?5绉掑唴鍩虹鏀诲嚮鍔涙彁楂?0%銆傝嫢鑷韩璺濈鍦伴潰楂樹簬20灏哄垯涓嶅啀璺冭捣锛岄潪鎴樻枟鐘舵€佷笅浣跨敤杩旇繕鍏ㄩ璋冩伅鏃堕棿锛堟瘡10绉掓渶澶氳Е鍙?娆★級锛屾拺浼炴诞绌烘寔缁?0绉掋€傛柦灞曞悗閲嶇疆鈥滅ⅶ娴风讥缂堟帉鈥濆璺嫑寮忚皟鎭椂闂淬€?TALENT 20351 1 鍙樹负2灞傚厖鑳芥嫑寮忥紝鍏呰兘鏃堕棿20绉掋€傛柦灞曞悗閲嶇疆鈥滅ⅶ娴风讥缂堟帉鈥濆璺嫑
15715 20245	1	10759	1	1	0	0	0	1		(20245) 瀹氭尝鐮ユ緶	瀹氭尝鐮ユ緶	寮犲紑浼炶繘鍏ラ槻寰″Э鎬侊紝鎸変笅鎸夐敭闃插尽锛屽噺浼?0%锛屽苟鍏嶇柅鎺у埗鍜屾亹鎯ф晥鏋滐紝鎸佺画3绉掞紝1绉掑悗鍙澗寮€鎸夐敭锛岃幏寰楀弽鍑绘爣绀烘寔缁?绉掞紝2绉掑唴鑻ヨ鏀诲嚮鍒欑珛鍗冲鍓嶆柟8灏鸿寖鍥寸洰鏍囬€犳垚100%姝﹀櫒浼ゅ澶栧姞<SKILL_[20734_1] PhysicsDamage>鐐?+<SKILLEx {D0} {SkillPhysicsAP_[20734_1]}>)澶栧姛浼ゅ锛屽苟鍑诲€?绉掋€?	鐙傛緶闅滃渤锛岀牓鏌遍晣娴併€?	闃插弽鎶€锛岃兘鍑忓皯鑷韩鍙楀埌鐨勪激瀹筹紝骞跺鏁屼汉閫犳垚浼ゅ銆?
15716 20245	2	10759	1	1	0	0	0	1		(20245) 瀹氭尝鐮ユ緶	瀹氭尝鐮ユ緶	寮犲紑浼炶繘鍏ラ槻寰″Э鎬侊紝鎸変笅鎸夐敭闃插尽锛屽噺浼?0%锛屽苟鍏嶇柅鎺у埗鍜屾亹鎯ф晥鏋滐紝鎸佺画3绉掞紝1绉掑悗鍙澗寮€鎸夐敭锛岃幏寰楀弽鍑绘爣绀烘寔缁?绉掞紝2绉掑唴鑻ヨ鏀诲嚮鍒欑珛鍗冲鍓嶆柟8灏鸿寖鍥寸洰鏍囬€犳垚100%姝﹀櫒浼ゅ澶栧姞<SKILL_[20734_2] PhysicsDamage>鐐?+<SKILLEx {D0} {SkillPhysicsAP_[20734_2]}>)澶栧姛浼ゅ锛屽苟鍑诲€?绉掋€?	鐙傛緶闅滃渤锛岀牓鏌遍晣娴併€?	闃插弽鎶€锛岃兘鍑忓皯鑷韩鍙楀埌鐨勪激瀹筹紝骞跺鏁屼汉閫犳垚浼ゅ銆?
15717 20245	3	10759	1	1	0	0	0	1		(20245) 瀹氭尝鐮ユ緶	瀹氭尝鐮ユ緶	寮犲紑浼炶繘鍏ラ槻寰″Э鎬侊紝鎸変笅鎸夐敭闃插尽锛屽噺浼?0%锛屽苟鍏嶇柅鎺у埗鍜屾亹鎯ф晥鏋滐紝鎸佺画3绉掞紝1绉掑悗鍙澗寮€鎸夐敭锛岃幏寰楀弽鍑绘爣绀烘寔缁?绉掞紝2绉掑唴鑻ヨ鏀诲嚮鍒欑珛鍗冲鍓嶆柟8灏鸿寖鍥寸洰鏍囬€犳垚100%姝﹀櫒浼ゅ澶栧姞<SKILL_[20734_3] PhysicsDamage>鐐?+<SKILLEx {D0} {SkillPhysicsAP_[20734_3]}>)澶栧姛浼ゅ锛屽苟鍑诲€?绉掋€?	鐙傛緶闅滃渤锛岀牓鏌遍晣娴併€?	闃插弽鎶€锛岃兘鍑忓皯鑷韩鍙楀埌鐨勪激瀹筹紝骞跺鏁屼汉閫犳垚浼ゅ銆?
15718 20245	4	10759	1	1	0	0	0	1		(20245) 瀹氭尝鐮ユ緶	瀹氭尝鐮ユ緶	寮犲紑浼炶繘鍏ラ槻寰″Э鎬侊紝鎸変笅鎸夐敭闃插尽锛屽噺浼?0%锛屽苟鍏嶇柅鎺у埗鍜屾亹鎯ф晥鏋滐紝鎸佺画3绉掞紝1绉掑悗鍙澗寮€鎸夐敭锛岃幏寰楀弽鍑绘爣绀烘寔缁?绉掞紝2绉掑唴鑻ヨ鏀诲嚮鍒欑珛鍗冲鍓嶆柟8灏鸿寖鍥存晫瀵圭洰鏍囬€犳垚100%姝﹀櫒浼ゅ澶栧姞<SKILL_[20734_4] PhysicsDamage>鐐?+<SKILLEx {D0} {SkillPhysicsAP_[20734_4]}>)澶栧姛浼ゅ锛屽苟鍑诲€?绉掋€?TALENT 25270 1 鈥滃畾娉㈢牓婢溾€濆彉涓?绉掕搫鍔涙嫑寮忥紝鏈熼棿鍑忎激4
16058 20718	1	10837	1	1	0	0	0	1		(20718) 钃幈_涔橀緳_鎾戜紴缁撴潫鍑忎激鍔犲姞閫?涔橀緳	鎾戜紴鐘舵€佺粨鏉熷悗鑾峰緱鍏嶇柅鎺у埗鏁堟灉锛堝嚮閫€鍜岃鎷夐櫎澶栵級锛屼娇鑷韩鍙楀埌鐨勪激瀹抽檷浣?0%锛屾寔缁?绉掋€?				1	1			1				0		0				
16080 20753	1	10875	1	1	0	0	0	1		(20753) 钃幈_宕斿惮_瀹氭尝鐮ユ緶闃插尽鎻愰珮	宕斿惮	鈥滃畾娉㈢牓婢溾€濅笉鍐嶅叿鏈夐槻瀹堝弽鍑绘晥鏋滐紝3绉掑唴鍑忎激澧炲姞鍒?0%骞跺厤鐤帶鍒跺拰鎭愭儳鏁堟灉锛屾湡闂存瘡鍙楀埌涓€娆℃敾鍑婚檷浣?绉掕皟鎭椂闂淬€?				1	1			1				0		0				
16081 20754	0	10759	1	1	0	0	0	1		(20754) 瀹氭尝鐮ユ緶绾槻寰?瀹氭尝鐮ユ緶	寮犲紑浼炶繘鍏ラ槻寰″Э鎬侊紝鎸変笅鎸夐敭闃插尽锛屽噺浼?0%锛屽苟鍏嶇柅鎺у埗鍜屾亹鎯ф晥鏋滐紝鎸佺画3绉掞紝鏈熼棿姣忓彈鍒颁竴娆℃敾鍑婚檷浣?绉掕皟鎭椂闂淬€?TALENT 38691 1 鎷涘紡鏈熼棿浣?灏哄唴鏈€澶?鍚嶇洰鏍囧噺閫燂紝涓旀柦灞曗€滄捣杩愬崡鍐モ€濆彲鏃犺璺濈閫犳垚鏈€澶т激瀹炽€傜粨鏉熸椂瀵?灏哄唴鐩爣閫犳垚浼ゅ锛屽湪鈥滄尟缈呭浘鍗椻€濇垨姘撮緳鍗蜂腑缁撴潫鏃讹紝浼ゅ鎻愰珮50%>		鐙傛緶闅滃渤锛岀牓鏌遍晣娴併€?	闃插弽鎶€锛岃兘鍑忓皯鑷韩鍙楀埌鐨勪激瀹炽€?0	1			1				0	闃插弽鎶€锛岃兘鍑忓皯鑷韩鍙楀埌鐨勪激瀹炽€?0			
16087 20761	1	10873	1	1	0	0	0	1		(20761) 钃幈_鏃剁Щ_鐤剧數鍙辩窘浜屾	鏃剁Щ	鈥滅柧鐢靛彵缇解€濊寖鍥存晥鏋滃唴锛屼娇灏忛槦鎴愬憳鍏嶇柅鎺у埗鏁堟灉銆?				1	1			1				0		0				
16122 20812	1	8546	1	1	0	0	0	1		(20812) 闇稿垁_杩樺_鍙屽垁鐖嗕綋	杩樺	鑻ョ疮绉柦灞?鏂┾€滄搾榫欏叚鏂┾€濓紝鍙柦灞曠涓冨紡鎷涘紡锛屽綋鍓嶁€滄澗鐑熺闆锯€濅綋鎬佽繘鍏モ€滅垎浣撯€濈姸鎬侊紝绔嬪嵆閲嶇疆鈥滄闆疯吙鈥濆璺笅鎷涘紡锛屽厤鐤换浣曟帶鍒舵晥鏋滐紝浼ゅ鎻愰珮30%锛岃嚜韬姞閫熸彁楂?0%锛屾寔缁?5绉掋€?				1	1			1				0		0				
16192 20944	1	10856	1	1	0	0	0	1		(20944) 娴父澶╁湴浜屾閫熼檷钀?娴父澶╁湴路钀藉湴	绔嬪嵆鍦ㄥ綋鍓嶄綅缃檷钀姐€?TALENT 20717 1 鎾戜紴鐘舵€佺粨鏉熷鍔?0%浼ゅ锛屾寔缁?绉?<TALENT 20718 1 鎾戜紴鐘舵€佺粨鏉熷彈鍒扮殑浼ゅ闄嶄綆20%锛屽苟鍏嶇柅鎺у埗锛堝嚮閫€鍜岃鎷夐櫎澶栵級锛屾寔缁?绉?<TALENT 20719 1 瀵硅嚜韬懆鍥?灏鸿寖鍥存渶澶?涓洰鏍囬€犳垚<SUB 21758 0>澶栧姛浼ゅ锛岄噴鏀惧悗浣胯嚜韬幏寰楃殑澶栧姛鍩虹鏀诲嚮鎻愰珮鏁堟灉澧炲姞鑷?0%><TALENT 38668 1 鈥滄诞娓稿ぉ鍦扳€濅娇鑷韩鏀诲嚮鍔涙彁楂?0
16196 20949	0	10879	1	1	0	0	0	1		(20949) 鐗╁寲澶╄浜屾涓婂ぉ	鐗╁寲澶╄路涓婂崌	鍐嶆鍊熷姏鎾戜紴杩涘叆鎾戜紴娴┖鐘舵€佸苟鍏嶇柅鎺у埗鏁堟灉锛屾寔缁?绉掋€?	鐗╁寲涓夋竻锛屽ぇ閬撳ぉ琛屻€?	浣嶇Щ鎶€锛岃兘杩呴€熷洖鍒版拺浼炴诞绌哄Э鎬併€?0	1			1				0	浣嶇Щ鎶€锛岃兘杩呴€熷洖鍒版拺浼炴诞绌哄Э鎬併€?0				
16366 21268	0	4908	1	1	0	0	0	7		(21268) 鏂版綔榫欏嬁鐢?娼滈緳鍕跨敤	鏂藉睍浼氬鐩爣閫犳垚<SKILL_[6604_0;6605_0;6606_0;6604_0;6605_0;6606_0] PhysicsDamage>鐐?+<SKILLEx {D0} {SkillPhysicsAP_[6604_0;6605_0;6606_0;6604_0;6605_0;6606_0]}>)澶栧姛浼ゅ锛屽苟闄嶄綆鑷韩鈥滀箻榫欐垙姘粹€?绉掕皟鎭椂闂淬€傛柦灞曡繃绋嬩笎甯幏寰楀厤鐤帶鍒舵晥鏋滅殑褰卞搷锛涜嫢鏈柦灞曚細浣夸笅娆℃柦灞曟椂棰濆閫犳垚1娆′激瀹炽€?	
16682 21722	1	11880	1	1	0	0	0	1		(21722) 鐐圭粵鍞?鐐圭粵鍞?闇€鈥滃悕鍔ㄥ洓鏂光€濊Е鍙戠殑鍓戣垶鐘舵€侊紝瀹堟姢30灏哄唴鐨勫皬闃熸垚鍛橈紝鍙棤瑙嗛殰纰嶅嵏闄ょ洰鏍囪韩涓婇槼鎬с€侀槾鎬с€佹贩鍏冩€с€佹瘨鎬у唴鍔熶笉鍒╂晥鏋滃悇涓や釜锛屽苟姣?.5绉掍娇鍏舵皵琛€鍊煎洖澶?SUB 21723 0>锛屾寔缁?绉掋€傛柦灞曞悗鍏抽棴鍓戣垶鐘舵€侊紝鏈熼棿鑷韩鍏嶇柅鎺у埗鏁堟灉锛堝嚮閫€鍜岃鎷夐櫎澶栵級涓旀棤娉曢噸鏂板紑鍚墤鑸炪€傛湡闂村彲浠ヤ娇鐢ㄤ簩娈垫妧鑳芥彁鍓嶇粨鏉熴€?	鏈辩爞鐐圭噧锛岄鍙堕湶鑺便€?	鐤椾激鎶€锛岄渶鍓戣垶锛岄渶姹傜Щ鍔ㄦ不鐤楁垨鑰呭皬闃熸不鐤楁椂浣跨敤鏈€浣炽€?1	1			1	1			0	鐤椾激鎶€锛屽叧闂墤鑸烇紝鍗搁櫎灏忛槦鑻ュ共涓?
16889 22032	1	4908	1	1	0	0	0	7		(22032) 娼滈緳鍕跨敤濂囩┐	娼滈緳鍕跨敤	鈥滀孩榫欐湁鎮斺€濇柦灞曞悗鏂瑰彲鏂藉睍锛屾柦灞曚細瀵圭洰鏍囬€犳垚涓冩鍏?SKILL_[6604_6;6605_6;6606_6;6604_6;6605_6;6606_6;18678_0] PhysicsDamage>鐐?+<SKILLEx {D0} {SkillPhysicsAP_[6604_6;6605_6;6606_6;6604_6;6605_6;6606_6;18678_0]}>)澶栧姛浼ゅ锛屽苟闄嶄綆鑷韩鈥滀箻榫欐垙姘粹€?.5绉掕皟鎭椂闂达紝鑻ユ湭鏂藉睍
17153 22274	1	12105	1	1	0	0	0	1		(22274) 琛€瑕嗛粍娉?琛€瑕嗛粍娉?瀵圭洰鏍囨尌鍑洪攣閾撅紝骞堕摼鎺ョ洰鏍囷紝琚摼鎺ョ殑鐩爣鍙楀埌鐨?0%鐨勬不鐤楁晥鏋滆浆绉昏嚦鑷韩锛屾寔缁?0绉掋€傝嫢鐩爣绂诲紑鑷韩25灏哄皢鎵柇閿侀摼銆傛病鏈夐摼鎺ョ洰鏍囨椂鑷韩涓哄弻鎸佺姸鎬侊紝閾炬帴涓€涓洰鏍囨椂鑷韩杩涘叆鍗曟寔鐘舵€侊紝閾炬帴涓や釜鐩爣鏃惰嚜韬繘鍏ュ弻閾剧姸鎬併€?TALENT 22570 1 鑻ュ懡涓鍦ㄨ繍鍔熺殑鐩爣锛屾墦鏂繍鍔燂紝浣垮叾2绉掑唴鏃犳硶杩愬姛锛屽苟浣挎湰娆￠摼鎺ョ殑鎸佺画鏃堕棿寤堕暱2绉?<TALENT 22572 1 琚€滆瑕嗛粍娉夆€濋摼鎺ョ殑鐩爣锛屾瘡绉掑彈鍒?SUB 22644 1>澶栧姛浼ゅ锛?
17193 22320	0	12095	1	1	0	0	0	1		(22320) 涔卞ぉ鐙?涔卞ぉ鐙?姣?.438绉掑鑷韩鍓嶆柟12灏?0掳鎵囧舰鑼冨洿鍐呮渶澶?涓洰鏍囬€犳垚100%姝﹀櫒浼ゅ澶栧姞<SUB 22489 0>澶栧姛浼ゅ锛屾寔缁?.19绉掞紝鏈熼棿鑷韩涓嶅彲杞悜锛屽厤鐤帶鍒跺拰鎵撴柇鏁堟灉锛屽彲浠ユ柦灞曗€滄棩鏈堝惔閽┾€濄€傚弻鎸佹鍣ㄦ椂锛屼富鍓墜涓€璧锋敾鍑婚澶栭€犳垚100%姝﹀櫒浼ゅ澶栧姞<SUB 22553 0>澶栧姛浼ゅ銆傚澶勪簬6鍒?2灏虹殑鐩爣閫犳垚浼ゅ鎻愰珮30%銆?TALENT 22577 1 杩炵画鍛戒腑3娆＄洰鏍囷紝浣胯嚜韬Щ鍔ㄩ€熷害鎻愰珮40%><TALENT 22579 1 
17194 22321	0	12107	1	1	0	0	0	1		(22321) 闅愰闆?闅愰闆?瀵硅嚜韬墠鏂?2灏?20掳鎵囧舰鑼冨洿鍐呮渶澶?涓洰鏍囬€犳垚100%姝﹀櫒浼ゅ澶栧姞<SUB 22610 0>澶栧姛浼ゅ锛屼笖闄勫甫灏忓箙搴﹀嚮閫€鏁堟灉銆傚弻鎸佹鍣ㄦ椂锛屼富鍓墜涓€璧锋敾鍑婚澶栭€犳垚100%姝﹀櫒浼ゅ澶栧姞<SUB 22552 0>澶栧姛浼ゅ銆傚澶勪簬6鍒?2灏虹殑鐩爣閫犳垚浼ゅ鎻愰珮30%銆?TALENT 22974 1 鍥犱负鍛戒腑6鍒?2灏虹洰鏍囪€岃幏寰椾激瀹虫彁楂樼殑姣斾緥鐢?0%鎻愰珮鑷?0%><TALENT 23981 1 鏂藉睍鈥滈殣椋庨浄鈥濆皢钃勫姏1绉掞紝浼ゅ鎻愰珮110%锛岃嚜
17222 22358	0	12101	1	1	0	0	0	1		(22358) 鏂╂棤甯?鏂╂棤甯?杩涘叆鍙屾寔濮挎€侊紝鍘熷湴鎸ヨ垶闉垉杩涜鎸佺画鏃嬭浆锛屾瘡0.5绉掑鑷韩鍛ㄥ洿6灏哄唴鏈€澶?涓晫瀵圭洰鏍囬€犳垚100%姝﹀櫒浼ゅ澶栧姞<SUB 22359 0>澶栧姛浼ゅ锛岃繃绋嬩腑鑷韩鍙楀埌浼ゅ闄嶄綆50%锛屽厤鐤帶鍒朵笖鍙互鏍兼尅杩滅▼寮归亾鎶€鑳界殑浼ゅ锛屾寔缁?绉掋€?TALENT 22569 1 鎸佺画鏃堕棿闄嶄綆鑷?绉掞紝璋冩伅鏃堕棿闄嶄綆鑷?0绉?<TALENT 22576 1 鍙Щ鍔ㄩ噴鏀撅紝閫犳垚鐨勪激瀹虫彁楂?0%><TALENT 22580 1 鍙Щ鍔ㄩ噴鏀撅紝闄嶄綆浼ゅ鍜屾牸鎸¤繙绋嬪脊閬撴妧鑳界殑鏁?
17271 22417	0	12096	1	1	0	0	0	1		(22417) 鍗佹柟鐜勬満	鍗佹柟鐜勬満	杩愬姛3绉掞紝杩涘叆鍙屾寔濮挎€侊紝娓呴櫎鑷韩浠囨仺鏁堟灉锛岄€夋嫨涓€涓晫瀵圭帺瀹惰繘琛屼吉瑁咃紝鍙互瀹屽叏鍒囨崲鎴愬叾澶栬琛ㄧ幇锛屽苟涓旇嚜韬笌鎵€鏈変汉鎴愪负鍙嬪ソ鍔垮姏锛屽厤鐤换浣曚激瀹筹紝鎸佺画20绉掋€傝嚜韬娇鐢ㄤ换浣曢棬娲炬妧鑳介兘浼氫娇浼澶辨晥銆?TALENT 22581 1 褰撳懆鍥?0灏烘晫瀵圭帺瀹朵汉鏁拌秴杩?浜烘椂锛岄噴鏀锯€滃崄鏂圭巹鏈衡€濊繑杩?0%鐨勮皟鎭椂闂?<TALENT 22585 1 璋冩伅鏃堕棿闄嶄綆5绉掞紝鑻ユ垚鍔熸柦灞曪紝瑙ｉ櫎鑷韩鎺у埗鏁堟灉锛屾寔缁椂闂存彁楂?绉?<TALENT 22589 1 鏂藉睍鍚庢竻
17423 22614	0	12098	1	1	0	0	0	1		(22614) 瀛ら椋掕笍	瀛ら椋掕笍	瑙ｉ櫎鑷韩鎺у埗锛屾姇鎺烽攣閾捐嚦鐩爣鐐癸紝浣胯嚜韬啿鍚戝叾浣嶇疆锛岃嚜韬幏寰?NounID 106>锛屾寔缁?3绉掞紝璇ユ晥鏋滃彲鍙犲姞銆?0绉掑唴鑷韩鈥滈殣闆烽灜鈥濆璺嫑寮忓懡涓?鍒?2灏虹殑鐩爣鏃讹紝鍙縺娲讳簩娈垫嫑寮忥紝杩涜浜屾浣嶇Щ銆?TALENT 22599 1 鈥滃椋庨韪忊€濇柦灞曚竴娈佃嚜韬厤鐤帶鍒舵晥鏋滐紙鍑婚€€鍜岃鎷夐櫎澶栵級锛屾寔缁?绉掞紝骞跺彲鐩存帴鏂藉睍浜屾鎷涘紡锛岃兘瀵圭洰鏍囧尯鍩?灏鸿寖鍥存渶澶?涓洰鏍囬€犳垚鍑婚鏁堟灉銆傝嫢浜屾鎷涘紡鍛戒腑鐩爣锛屽彲婵€娲讳笁娈垫嫑寮忥紝鍙樹负楠戜笂涓€鍙粦璞瑰悜鍓嶅啿鍒猴紝鍙互杞悜
17424 22616	0	12099	1	1	0	0	0	1		(22616) 瀛ら椋掕笍浜屾	瀛ら椋掕笍	鎶曟幏閿侀摼鑷崇洰鏍囩偣锛屼娇鑷韩鍐插悜鍏朵綅缃€?TALENT 22599 1 鑷韩鍏嶇柅鎺у埗鏁堟灉锛堝嚮閫€鍜岃鎷夐櫎澶栵級锛屾寔缁?绉掞紝鑳藉鐩爣鍖哄煙6灏鸿寖鍥存渶澶?涓洰鏍囬€犳垚鍑婚鏁堟灉銆傝嫢鍛戒腑鐩爣鍙縺娲讳笁娈垫嫑寮忥紝鍙樹负楠戜笂涓€鍙粦璞瑰悜鍓嶅啿鍒猴紝鍙互杞悜锛屾寔缁?绉掞紝缁撴潫鍚庡悜鍓嶈烦璺冨钀藉湴6灏鸿寖鍥存渶澶?涓洰鏍囬€犳垚鍑婚鏁堟灉鍜?SUB 22754 1>澶栧姛浼ゅ>		瀛ら瀵掓棩锛岄韪忔祦鏄熴€?	浣嶇Щ鎶€锛屽啿鍚戠洰鏍囦綅缃€?0	0			1				0	浣嶇Щ鎶€锛屽啿鍚戠洰鏍囦綅缃€?	
17441 22647	0	12101	1	1	0	0	0	1		(22647) 绉诲姩鏂╂棤甯?鏂╂棤甯?杩涘叆鍙屾寔濮挎€侊紝鍘熷湴鎸ヨ垶闉垉杩涜鎸佺画鏃嬭浆锛屾瘡0.5绉掑鑷韩鍛ㄥ洿6灏哄唴鏈€澶?涓晫瀵圭洰鏍囬€犳垚100%姝﹀櫒浼ゅ澶栧姞<SUB 22359 0>澶栧姛浼ゅ锛岃繃绋嬩腑鑷韩鍙楀埌浼ゅ闄嶄綆50%涓旂Щ鍔ㄩ€熷害鎻愰珮15%锛屽厤鐤帶鍒朵笖鍙互鏍兼尅杩滅▼寮归亾鎶€鑳界殑浼ゅ锛屾寔缁?绉掋€?TALENT 22569 1 鎸佺画鏃堕棿闄嶄綆鑷?绉掞紝璋冩伅鏃堕棿闄嶄綆鑷?0绉?<TALENT 22576 1 鍙Щ鍔ㄩ噴鏀撅紝閫犳垚鐨勪激瀹虫彁楂?0%><TALENT 22580 1 鍙Щ鍔ㄩ噴鏀撅紝闄嶄綆浼?
17494 22707	1	12096	1	1	0	0	0	1		(22707) 鍗佹柟鐜勬満瑙ｆ帶	鍗佹柟鐜勬満	杩愬姛3绉掞紝杩涘叆鍙屾寔濮挎€侊紝娓呴櫎鑷韩浠囨仺鏁堟灉锛岄€夋嫨涓€涓晫瀵圭帺瀹惰繘琛屼吉瑁咃紝鍙互瀹屽叏鍒囨崲鎴愬叾澶栬琛ㄧ幇锛屽苟涓旇嚜韬笌鎵€鏈変汉鎴愪负鍙嬪ソ鍔垮姏锛屽厤鐤换浣曚激瀹筹紝鎸佺画20绉掋€傝嚜韬娇鐢ㄤ换浣曢棬娲炬妧鑳介兘浼氫娇浼澶辨晥銆?TALENT 22581 1 褰撳懆鍥?0灏烘晫瀵圭帺瀹朵汉鏁拌秴杩?浜烘椂锛岄噴鏀锯€滃崄鏂圭巹鏈衡€濊繑杩?0%鐨勮皟鎭椂闂?<TALENT 22589 1 鏂藉睍鍚庢竻闄よ嚜韬墍鏈夐槾鎬с€侀槼鎬с€佹瘨鎬с€佹贩鍏冩€т互鍙婃寔缁激瀹充笉鍒╂晥鏋?<TALENT 22585 1 璋冩伅鏃?
17506 22727	1	11900	1	1	0	0	0	1		(22727) 鐤惧椋庡寮?娉惧▉	鈥滅柧濡傞鈥濊皟鎭椂闂撮檷浣?绉掞紝鑷韩鍏嶇柅鎺у埗鏁堟灉鎻愰珮鑷?绉掋€傚彲棰濆閫忔敮浣跨敤涓€娆°€?				1	1			1				0						
17596 22880	1	12110	1	1	0	0	0	1		(22880) 閾佽路鏃ユ湀鍚撮挬	閾佽路鏃ユ湀鍚撮挬	瑙ｉ櫎鑷韩鎺у埗锛屽厤鐤帶鍒躲€傚苟鍚戝悗鎾や竴灏忔璺濈锛岃幏寰楀皯閲忔姢鐩?				1	1			1				0						
18076 23642	1	3199	1	1	0	0	0	1		(23642) 瀛愭瘝椋炵埅鍙鍙嬫柟鐩爣閲婃斁	琚嶆辰鏁呮棫	鈥滃瓙姣嶉鐖€濊皟鎭椂闂村噺灏?0绉掞紝鍙鍙嬫柟鐩爣鏂藉睍銆傝嫢鐩爣涓洪槦鍙嬶紝鍒欒嚜韬笌鐩爣闃熷弸涔嬮棿鐢熸垚涓€鏉￠攣閾炬寔缁?绉掋€傚弸鏂圭洰鏍囪幏寰椾竴涓鐩婃妧鑳解€滃瓙姣嶉鐖峰瓙鈥濓細浣嶇Щ鑷冲攼闂ㄩ槦鍙嬭韩鏃侊紱鑷韩鍙柦灞曚簩娈垫妧鑳解€滃瓙姣嶉鐖峰瓙鈥濓細浣嶇Щ鑷抽槦鍙嬭韩鏃併€傛柦灞曟妧鑳藉悗闃熷弸鍜岃嚜韬厤鐤帶鍒讹紙鍑婚€€鍜岃鎷夐櫎澶栵級锛屾寔缁?绉掞紝閿侀摼鏁堟灉浣滅敤涓€娆℃秷澶便€?				1	1			1						0				
18516 23956	1	11324	1	1	0	0	0	1		(23956) 鏂颁互闈檁鐢熷お鏋佸姞閫?浠ラ潤	鈥滅敓澶瀬鈥濆厤鐤帶鍒舵晥鏋滄寔缁椂闂存彁楂?绉掞紝涓嶅啀闄嶄綆鐩爣绉诲姩閫熷害锛岃€屾槸涓鸿嚜韬彁楂?5%绉诲姩閫熷害銆?				1	1			1				0						
18532 23981	1	12388	1	1	0	0	0	1		(23981) 鍑岄洩闃乢鐒氱敓_闅愰闆疯搫鍔?鐒氱敓	鏂藉睍鈥滈殣椋庨浄鈥濆皢钃勫姏1绉掞紝浼ゅ鎻愰珮110%锛岃嚜韬厤鐤帶鍒讹紝鎸佺画3绉掋€?				1	1			1				0						
18549 24017	1	10886	1	1	0	0	0	1		(24017) 鐤剧數鍙辩窘鐩爣閲婃斁	鐤剧數鍙辩窘	鍙敜娴烽洉椋炲悜鐩爣浣嶇疆锛岀洏鏃嬭嚦鍗囩┖锛屼繚鎶よ嚜韬?灏鸿寖鍥村唴鐨勫皬闃熸垚鍛橈紝浣胯寖鍥村唴鐨勫皬闃熸垚鍛樹笉浼氬彈鍒颁激瀹筹紝鏈€澶氭壙鍙楄嚜韬韩娉?20鍊嶇殑浼ゅ锛屼笖姣忕鍗搁櫎鑼冨洿鍐呭皬闃熸垚鍛橀槾鎬с€佹贩鍏冩€с€侀槼鎬с€佹瘨鎬с€佺偣绌翠笉鍒╂晥鏋滃悇涓€涓紝骞跺洖澶嶅叾3%鐨勬渶澶ф皵琛€鍊煎拰鍐呭姏鍊硷紝鎸佺画8绉掋€?TALENT 20375 1 鍙楀埌浠讳綍浼ゅ鏀诲嚮瀵艰嚧鑷韩姘旇鍊间綆浜?0%鍒欑珛鍗抽噸缃€滅柧鐢靛彵缇解€濊皟鎭椂闂达紝璇ユ晥鏋滄渶澶氭瘡3鍒嗛挓瑙﹀彂涓€娆?<TALENT 20761 1 鑼冨洿鏁堟灉鍐咃紝浣垮皬
18801 24374	0	13864	1	1	0	0	0	1		(24374) 琛?韪忔槦琛?闂ㄦ淳杞诲姛锛岃В闄よ嚜韬噺閫熴€侀攣瓒虫晥鏋滐紝浣胯嚜韬櫄鍖栨诞绌猴紝闂伩鍑犵巼鎻愰珮65%锛岀Щ鍔ㄩ€熷害鎻愰珮30%锛屾湡闂村厤鐤帶鍒朵笖鍙嚜鐢辨紓娴紝鏃犳硶鏂藉睍鎷涘紡锛屾柦灞曡烦璺冨彲浣垮叾鎮仠锛屾寔缁?绉掋€?TALENT 24951 1 琚懡涓嚑鐜囬檷浣庤嚦80%锛屾寔缁椂闂存彁楂?绉掞紝鍥炲90鐐规槦杩愬€?<TALENT 42489 1 鐕冪伅><TALENT 42511 1 寰″墠鏄?		涔濆瓧璇€绗節鍗般€傝笍鏄熷寲浜戯紝閫告父涔濆ぉ銆?	闂ㄦ淳杞诲姛锛屽彲闄嶄綆鑷韩琚懡涓殑姒傜巼涓旇幏寰楃煭鏃堕棿婕傛诞鑳藉姏銆?1	1		
18802 24375	1	13867	1	1	0	0	0	1		(24375) 璧峰崷	璧峰崷	鍗犲緱鈥滄按鍧庘€濃€滃北鑹€濃€滅伀绂烩€濅箣涓殑涓€涓崷璞★紝骞朵娇鑷韩鍏嶇柅鎺у埗(鍑婚€€鍜岃鎷夐櫎澶?锛屾寔缁?绉掞紝鍗﹁薄淇濆瓨20绉掞紝淇濆瓨鏈熼棿浼氬寮衡€滀節瀛楄瘈鈥濆璺笅浼ゅ鎷涘紡鐨勬晥鏋滐紝鍚屾椂鍙柦灞曚簩娈典富鍔ㄦ嫑寮忎娇鍗﹁薄涔嬪姏绔嬪埢鐢熸晥銆俓n鈥滃崷璞÷锋按鍧庘€濓細璇ュ崷璞′笅鈥滀節瀛楄瘈鈥濆璺激瀹虫嫑寮忔瘡娆″懡涓娇鑷韩3绉掑唴鍔犻€熺巼鎻愰珮5%銆俓n鈥滃崷璞÷峰北鑹€濓細璇ュ崷璞′笅鈥滀節瀛楄瘈鈥濆璺激瀹虫嫑寮忔瘡娆″懡涓洰鏍囬€犳垚40%鍑忛€熸晥鏋滐紝骞堕澶栭€犳垚15%浼ゅ銆俓n鈥滃崷璞÷风伀绂烩€濓細璇ュ崷璞′笅鈥滀節瀛楄瘈鈥濆璺激瀹虫嫑寮?灏?
18807 24380	0	13873	1	1	0	0	0	1		(24380) 杩旈棴鎯婇瓊	杩旈棴鎯婇瓊	瑙ｉ櫎鑷韩鎵€鏈夋帶鍒舵晥鏋滐紝骞朵娇鑷韩鍏嶇柅鎺у埗(鍑婚€€鍜岃鎷夐櫎澶?锛屾寔缁?绉掞紝骞剁珛鍒诲湪鑷韩浣嶇疆浜х敓涓€涓?NounID 92>銆?	鐜夊コ杩旈棴锛屾父榄傝帿杩戙€?	鐢熷瓨鎶€锛屽湪琚晫浜烘帶鍒舵椂浣跨敤鏁堟灉鏈€浣炽€?1	1			1				0	鐢熷瓨鎶€锛岃В闄よ嚜韬帶鍒舵晥鏋溿€?				
19085 24819	1	13423	1	1	0	0	0	1		(24819) 閱嶉啇鐏岄《	閱嶉啇鐏岄《	鍥炲1鐐光€滅閭ｂ€濓紝鍏嶇柅鎺у埗鏁堟灉2绉掞紝闄嶄綆鑷韩鈥滄搾榫欒瘈鈥?0%璋冩伅鏃堕棿銆傝嚜韬拰绂呯伒閮芥尌妫嶅鑷韩鍓嶆柟12灏鸿寖鍥存渶澶?涓洰鏍囬€犳垚<SUB 24888 0>闃虫€у唴鍔熶激瀹筹紝浼ゅ鍛戒腑鐩爣浣垮叾鐪╂檿2绉掑苟闄嶄綆鑷韩鈥滃崈鏂ゅ潬鈥?绉掕皟鎭椂闂淬€傝鎷涘紡瑙嗕负缃楁眽妫嶆硶濂楄矾鎷涘紡銆?	鑻ラ啀閱愮亴椤讹紝蹇冪敓娓呭噳銆?	浼ゅ鎶€锛屽涓▼璺濈鐩爣閫犳垚浼ゅ鍜岀湬鏅曟晥鏋溿€?1	1			1	1			0	浼ゅ鎶€锛屽涓▼璺濈鐩爣閫犳垚浼ゅ鍜岀湬鏅曟晥鏋溿€?				
19096 24841	1	14130	1	1	0	0	0	1		(24841) 澶╃瓥-鍔涚牬涓囬挧	鍔涚牬涓囬挧	鍙兘鍦ㄩ┈涓嬫柦灞曪紝钃勫姏鍒哄嚭闀挎灙锛岃搫鍔涙湡闂磋嚜韬厤鐤帶鍒讹紝绉诲姩閫熷害闄嶄綆50%锛屾渶澶氳搫鍔?.5绉掞紝瀵归潰鍓?2灏烘渶澶?涓洰鏍囧嚮閫€骞舵渶澶氶€犳垚<SUB 24843 3>鐐瑰鍔熶激瀹炽€傝嫢灏嗙洰鏍囧嚮閫€鑷抽殰纰嶄笂锛屼娇寰楃洰鏍囧嚮鍊掞紝鏈€澶?绉掋€傝搫鍔涙椂闂磋秺闀匡紝浼ゅ瓒婇珮锛屽嚮鍊掓椂闂磋秺闀裤€傚姘旇鍊间綆浜?0%鐨勭洰鏍囪鎷涘紡浼氬績鐜囨彁楂?00%銆?	鏋嚭濡傞緳锛岀牬鏁屼竾鍗冦€?	鏀诲嚮鎶€锛岃搫鍔涘埡鍑洪暱鏋嚮閫€鐩爣銆?1	1			1	1			0	鏀诲嚮鎶€锛岃搫鍔涘埡鍑洪暱鏋嚮閫€鐩爣銆?		
19140 24912	1	2999	1	1	0	0	0	1		(24912) 鑺遍棿_蹇洩鍏嶆帶鍏嶅皝鍐呭姞2璺?涓归紟	鈥滃揩闆椂鏅粹€濅笉浼氳鎵撻€€鎵撴柇锛屾湡闂村厤鐤帶鍒跺拰灏佸唴鏁堟灉(鍑婚€€鍜岃鎷夐櫎澶?锛岃皟鎭椂闂村彉涓?0绉掑厖鑳?灞備笖鍙楀姞閫熷奖鍝嶏紝浼ゅ鎻愰珮80%涓旈澶栭檮甯?璺充激瀹筹紝鑻ヤ富鐩爣涓洪潪渚犲＋鍒欏鍏堕€犳垚浼ゅ鎻愰珮60%銆?				1	1			1				0						
19212 25006	1	14116	1	1	0	0	0	1		(25006) 鏈堝嚭涓滃北	鏈堝嚭涓滃北	娑堣€?灞傗€滃墤鑸炩€濓紝杩愬ぇ閲忔皵鍔插懆鏃嬭嚜韬紝鍙楀埌浠讳綍鐨勪激瀹冲皢琚噺鍏嶈嚜韬渶澶ф皵琛€鍊肩殑0.4%锛屾寔缁紩瀵硷紝鍏嶇柅鎺у埗(鍑婚€€鍜岃鎷夐櫎澶?銆佹墦鏂€佹墦閫€銆佹棤娉曡繍鍔熶笌缂存鏁堟灉锛屾瘡0.5绉掓皵鍔插皢瀵硅嚜韬懆鍥?灏鸿寖鍥存渶澶?涓洰鏍囬€犳垚<SUB 25009 0>闃存€у唴鍔熶激瀹筹紝鎸佺画3绉掋€傜洰鏍囪杩炵画鍛戒腑涓夋鏃跺皢鏃犳硶杩愬姛锛屾寔缁?绉掞紝姝ゆ晥鏋滃彧鐢熸晥涓€娆°€傚懡涓嚜韬€滄€ユ洸鈥濈洰鏍囷紝姣忓眰浣垮緱浼ゅ鎻愰珮15%銆?	瀵掓湀涓滃嚭锛屾竻鍏夌殠鐨庛€?	鏀诲嚮鎶€锛屽彲瀵硅嚜韬懆鍥寸洰鏍囬€犳垚鎸佺画浼ゅ鍜屾帶
19231 25028	1	14052	1	1	0	0	0	1		(25028) 鏀剧伅绉荤伅CD闄嶄綆	绁為亖	鑷韩鍦ㄢ€滆繛灞€鈥濆唴鍏嶇柅鎺у埗锛堝嚮閫€鍜岃鎷夐櫎澶栵級锛涒€滆捣鍗︹€濊皟鎭椂闂村鍔?绉掞紝鍏嶆帶鏃堕棿缂╃煭3绉掋€?TALENT_CORE 25368 1>					1	1			1				0						
19244 25043	1	14140	1	1	0	0	0	1		(25043) 杩炵紭铔?杩炵紭铔?杩愬姛姣?.312绉掑鐩爣閫犳垚<SUB 25044 0>姣掓€у唴鍔熶激瀹筹紝鎸佺画鏈熼棿涓嶈鎵撻€€銆佹墦鏂€佷笉鍙楁棤娉曟柦灞曞唴鍔熸嫑寮忓拰缂存鏁堟灉鐨勫奖鍝嶏紝鑷韩鍏嶇柅鎺у埗锛屾寔缁?.56绉掋€傜洰鏍囨瘡瀛樺湪涓€涓嚜韬寔缁激瀹筹紝鍒欎激瀹抽澶栨彁楂?0%锛屾渶澶氭彁楂?20%銆傛瘡璺抽檷浣庤嚜韬€滅巹姘磋泭鈥?.5绉掔殑璋冩伅鏃堕棿銆傝嫢瀹屾暣杩愬姛鍒欏皢棰濆瀵圭洰鏍囬€犳垚涓€娆″熀浜庤嚜韬寔缁激瀹虫暟閲忕殑浼ゅ銆傝鎷涘紡瑙嗕负鈥滃紩榄傝泭鏈€濆璺嫑寮忋€?	杩炵坏铔婏紝涓嶈В缂樸€?	鏀诲嚮鎶€锛屾寔缁鐩爣閫犳垚浼ゅ銆?1	1			1	1
19289 25095	1	11907	1	1	0	0	0	1		(25095) 妯柇灞辨渤	妯柇灞辨渤	閲戝睆浣撴€佷笅鍙互鏂藉睍锛屾秷鑰?5鐐规皵鍔诧紝鑷韩鍏嶇柅鎺у埗锛堝嚮閫€鍜岃鎷夐櫎澶栵級锛屾寔缁?绉掞紝鍐插悜鐩爣锛岄€犳垚<SUB 25262 1>澶栧姛浼ゅ骞跺嚮椋炵洰鏍囷紝浣跨洰鏍囨棤娉曟柦灞曡交鍔燂紝鎸佺画3绉掞紝鑻ョ洰鏍囪鍑婚鍒欓檷浣庤嚜韬?.5绉掑熀纭€璋冩伅鏃堕棿锛屽彲浠ユ柦灞曚簩娈垫嫑寮忓啿鍒鸿嚦鐩爣韬竟閫犳垚<SUB 25262 2>澶栧姛浼ゅ锛岃嫢鐩爣楂樹簬8灏鸿繕灏嗚鍑昏惤锛岃嚜韬殢鍗宠烦璺冭惤鍦帮紝鍐嶅鐩爣閫犳垚<SUB 25262 4>澶栧姛浼ゅ骞跺湪鑷韩鍓嶆柟6灏虹敓鎴?灏佹笂闇囩厼"鍒€姘旈殰纰嶏紝鎸佺画4绉掋€?	灞?
19431 25270	1	14112	1	1	0	0	0	1		(25270) 钃幈_鐑熸稕_瀹氭尝鍩虹浼ゅ	鐑熸稕	鈥滃畾娉㈢牓婢溾€濆彉涓?绉掕搫鍔涙嫑寮忥紝2灞傚厖鑳斤紝鏈熼棿鍑忎激40%骞跺厤鐤帶鍒跺拰鎭愭儳鏁堟灉銆傝搫鍔涘悗閲婃斁瀵?灏鸿寖鍥存晫鏂圭洰鏍囬€犳垚鏈€楂?SUB 36282 3>澶栧姛浼ゅ銆傛湡闂磋嫢琚敾鍑绘垨钃勫姏1.5鑷?绉掓湡闂撮噴鏀撅紝鍙嶅嚮闄勫甫5绉掑嚮鍊掞紝骞堕檮甯︿袱灞傞噸鍒涙晥鏋溿€?				1	1			1				0						
19458 25303	1	12096	1	1	0	0	0	1		(25303) 鍗佹柟鐜勬満鑷韩鑼冨洿	鍗佹柟鐜勬満	杩愬姛3绉掞紝鑻ヨ嚜韬懆鍥?0灏哄瓨鍦ㄧ帺瀹剁洰鏍囷紝鍒欒繘鍏ュ弻鎸佸Э鎬侊紝娓呴櫎鑷韩浠囨仺鏁堟灉锛岃繘鍏ヤ吉瑁咃紝瀹屽叏鍒囨崲鎴愬叾澶栬琛ㄧ幇锛屽苟涓旇嚜韬笌鎵€鏈変汉鎴愪负鍙嬪ソ鍔垮姏锛屽厤鐤换浣曚激瀹筹紝鎸佺画20绉掋€傝嚜韬娇鐢ㄤ换浣曢棬娲炬妧鑳介兘浼氫娇浼澶辨晥銆?TALENT 22581 1 褰撳懆鍥?0灏烘晫瀵圭帺瀹朵汉鏁拌秴杩?浜烘椂锛岄噴鏀锯€滃崄鏂圭巹鏈衡€濊繑杩?0%鐨勮皟鎭椂闂?<TALENT 22589 1 鏂藉睍鍚庢竻闄よ嚜韬墍鏈夐槾鎬с€侀槼鎬с€佹瘨鎬с€佹贩鍏冩€т互鍙婃寔缁激瀹充笉鍒╂晥鏋?<TALENT 225
19472 25318	1	13423	1	1	0	0	0	1		(25318) 鏆楀害路閱嶉啇鐏岄《	鏆楀害路閱嶉啇鐏岄《	鍏嶇柅鎺у埗锛屾寔缁?绉掞紝鑷韩鍜岀鐏甸兘鎸ユ瀵硅嚜韬墠鏂?2灏虹殑鐭╁舰鑼冨洿閫犳垚涓€娆′腑绛変激瀹筹紝涓ゆ浼ゅ鍧囧懡涓殑姣忎釜鐩爣鐪╂檿2绉掑苟闄嶄綆鑷韩鈥滃崈鏂ゅ潬鈥?绉掕皟鎭椂闂淬€?	鑻ラ啀閱愮亴椤讹紝蹇冪敓娓呭噳銆?	浼ゅ鎶€锛屽涓▼璺濈鐩爣閫犳垚浼ゅ鍜岀湬鏅曟晥鏋溿€?0	0			0				0	浼ゅ鎶€锛屽涓▼璺濈鐩爣閫犳垚浼ゅ鍜岀湬鏅曟晥鏋溿€?				
19475 25321	1	14130	1	1	0	0	0	1		(25321) 鏆楀害路鍔涚牬涓囬挧	鏆楀害路鍔涚牬涓囬挧	鍙兘鍦ㄩ┈涓嬫柦灞曪紝钃勫姏鍒哄嚭闀挎灙锛岃搫鍔涙湡闂磋嚜韬厤鐤帶鍒讹紝绉诲姩閫熷害闄嶄綆50%锛屾渶澶氳搫鍔?.5绉掞紝瀵归潰鍓?2灏烘渶澶?涓洰鏍囩洰鏍囧嚮閫€骞舵渶澶氶€犳垚<SUB 24843 3>澶栧姛浼ゅ銆傝嫢灏嗙洰鏍囧嚮閫€鑷抽殰纰嶄笂锛屼娇寰楃洰鏍囧嚮鍊掞紝鏈€澶?绉掋€傝搫鍔涙椂闂磋秺闀匡紝浼ゅ瓒婇珮锛屽嚮鍊掓椂闂磋秺闀裤€傚姘旇鍊间綆浜?0%鐨勭洰鏍囦激瀹虫彁楂?00%銆?	鏋嚭濡傞緳锛岀牬鏁屼竾鍗冦€?	鏀诲嚮鎶€锛岃搫鍔涘埡鍑洪暱鏋嚮閫€鐩爣銆?0	0			0				0	鏀诲嚮鎶€锛岃搫鍔涘埡鍑洪暱鏋嚮閫€鐩爣銆?			
19488 25334	0	4908	1	1	0	0	0	7		(25334) 鏆楀害路娼滈緳鍕跨敤	鏆楀害路娼滈緳鍕跨敤	瀵圭洰鏍囬€犳垚<SKILL_[6604_0;6605_0;6606_0;6604_0;6605_0;6606_0] PhysicsDamage>鐐?+<SKILLEx {D0} {SkillPhysicsAP_[6604_0;6605_0;6606_0;6604_0;6605_0;6606_0]}>)澶栧姛浼ゅ锛屽苟闄嶄綆鑷韩鈥滀箻榫欐垙姘粹€?绉掕皟鎭椂闂淬€傛柦灞曡繃绋嬪厤鐤帶鍒舵晥鏋滅殑褰卞搷銆?	榫欏痉鑰岄殣鑰呬篃銆?	鏀诲嚮鎶€锛屽鐩爣閫犳垚澶ч噺浼ゅ
19751 25722	1	13873	1	1			0	1		(25722) 閾佽路 杩旈棴鎯婇瓊	閾佽路 杩旈棴鎯婇瓊	瑙ｉ櫎鑷韩鎵€鏈夋帶鍒舵晥鏋滐紝骞朵娇鑷韩鍏嶇柅鎺у埗锛堣鎷夐櫎澶栵級锛屾寔缁?绉掞紝骞剁珛鍒诲湪鑷韩浣嶇疆浜х敓涓€涓伅榄傘€?	鐜夊コ杩旈棴锛屾父榄傝帿杩戙€?						1										
20844 26762	1	14125	1	1	0	0	0	1		(26762) 灏戞灄_浜屼笟渚濈紭鍏嶆帶	璇告硶绌虹浉	鏂藉睍鈥滀簩涓氫緷缂樷€濆湪鈥滆瑁熲€濃€滀紡榄斺€濈姸鎬佷笅鍒囨崲灏嗗厤鐤帶鍒舵晥鏋滐紙鍑婚€€鍜岃鎷夐櫎澶栵級鎸佺画3绉掋€?				1	1			1				0						
21438 27536	0	15401	1	1	0	0	0	1		(27536) 鎯婇缚鎺犳按	鎯婇缚鎺犳按	鍐插埡鑷虫晫鏂圭洰鏍囪韩杈癸紝瀵圭洰鏍囬€犳垚<SUB 27539 0>姣掓€у唴鍔熶激瀹筹紝浣垮叾瀹氳韩2绉掞紝鑷韩鍙互鍦?0绉掑唴鏂藉睍浜屾鎷涘紡鈥滃洖椋庡井婢溾€濄€?TALENT 28646 1 鈥滄儕楦挎帬姘粹€濅笉鍐嶅崰鐢ㄥ熀纭€璋冩伅鏃堕棿锛屼娇鐩爣鍛ㄥ洿6灏虹殑鏈€澶?涓弸鏂圭洰鏍囨仮澶嶆皵琛€鍊硷紝浣垮緱鎺ヤ笅鏉ョ殑鈥滃洖椋庡井婢溾€濇仮澶嶈嚜韬皵琛€鍊笺€?<TALENT 28370 1 鏂藉睍鈥滄儕楦挎帬姘粹€濊嚜韬厤鐤帶鍒舵晥鏋滐紝鎸佺画3绉掞紝骞朵娇寰椾笅涓€涓€滃惈閿嬬牬鏈堚€濃€滈摱鍏夌収闆€濃€滈鍙舵弧瑗熲€濅細蹇冨嚑鐜囨彁楂?0%锛屼細蹇冩晥
21473 27582	0	15410	1	1	0	0	0	1		(27582) 涓斿緟鏃朵紤	涓斿緟鏃朵紤	瀵硅嚜韬?5灏鸿寖鍥寸殑鏈€澶?涓檮甯﹁嚜韬?灞傚強浠ヤ笂鈥滈€嗕贡鈥濇晥鏋滅殑鐩爣鏍囪鈥滀笖寰呮椂浼戔€濓紝鑷韩鎸佺画杩愬姛4绉掞紝姣忕瀵光€滀笖寰呮椂浼戔€濇爣璁扮洰鏍囬€犳垚<SUB 27584 0>姣掓€у唴鍔熶激瀹筹紝骞朵娇鍏舵棤娉曟柦灞曞唴澶栧姛鎷涘紡1绉掋€傝嫢鐩爣绂诲紑鑷韩15灏鸿寖鍥村皢鎸ｈ劚鈥滀笖寰呮椂浼戔€濈殑浣滅敤銆傝繍鍔熸湡闂磋嚜韬厤鐤帶鍒?鍑婚€€鍜岃鎷夐櫎澶?锛屽彲浠ユ粸绌恒€?TALENT 28375 1 鏂藉睍鈥滀笖寰呮椂浼戔€濊嚜韬幏寰楁渶澶ф皵琛€鍊?0%鐨勬姢鐩撅紝鎶ょ浘瀛樺湪鏈熼棿鑷韩鍏嶇柅鏃犳硶杩愬姛銆佺即姊般€佹墦鏂晥鏋滐紝鍏嶇柅鍑?
21503 27623	0	15412	1	1	0	0	0	1		(27623) 褰撳綊鍥涢€?褰撳綊鍥涢€?1.75绉掑唴浣垮弸鏂圭洰鏍?灏鸿寖鍥存渶澶?涓弸鏂圭洰鏍囨仮澶?娆?SUB 27624 0>姘旇鍊硷紝姣忚烦浣垮緱鑷韩鑾峰緱1鐐规俯鎬э紝鏈熼棿鑷韩鍏嶇柅鎺у埗銆佸厤鐤墦鏂€佹墦閫€銆佹棤娉曡繍鍔熴€佺即姊版晥鏋滐紝鍙互婊炵┖銆?TALENT 28608 1 姣忚烦鍗搁櫎鐩爣韬笂闃存€с€侀槼鎬с€佹贩鍏冩€с€佹瘨鎬с€佺偣绌翠笉鍒╂晥鏋滃悇涓€涓?<TALENT 28612 1 瀹屾暣杩愬姛鍚庯紝涓嬩竴娆℃柦灞曟嫑寮忔椂浼氶澶栬幏寰椾竴鐐逛笌鎷涘紡鑽€х浉鍚岀殑鑽€?<TALENT 28637 1 瀹屾暣杩愬姛浣垮緱10绉掑唴涓ゆ鈥滆丹鑺?
21514 27642	1	15405	1	1	0	0	0	1		(27642) 鍑岀劧澶╅	鍑岀劧澶╅	瑙ｉ櫎閿佽冻骞朵笖鍑岀┖鑰岃捣锛屽厤鐤帶鍒?鍑婚€€鍜岃鎷夐櫎澶?锛屽苟浣垮緱鑷韩韬交濡傜嚂锛屾柦灞曟嫑寮忔渶澶ц窛绂绘彁楂?灏猴紝鏂藉睍浼ゅ鎴栨不鐤楁嫑寮忓彲浠ラ澶栬幏寰椾竴娆¤烦璺冩満浼氾紝涓旇烦璺?鑷韩鎸塛/A/S/D+绌烘牸杩涜璺宠穬鏃?鍙樹负鏈濆搴旀柟鍚戠殑涓€灏忔鍐插埡鏁堟灉锛屾寔缁?绉掋€傗€滃噷鐒跺ぉ椋庘€濇湡闂磋捣璺冲強璺宠穬鏃惰嚜韬厤鐤嚮閫€銆?TALENT 28424 1 鏂藉睍鈥滃噷鐒跺ぉ椋庘€濊幏寰椾竴娆♀€滅豢閲庤敁鐢熲€濇晥鏋滐紝涓斺€滃噷鐒跺ぉ椋庘€濇寔缁湡闂村彲浠ユ柦灞曚簩娈垫妧鑳斤細浣垮緱鑷韩鍦ㄧ┖涓悜鍚庨鑽′竴娈佃窛绂伙紝椋樿崱鏈熼棿鏃犳硶鏂?
21517 27652	0	15418	1	1	0	0	0	1		(27652) 鑻嶆缂氬湴	鑻嶆缂氬湴	鍦ㄧ洰鏍囧尯鍩熺妞嶄竴鏍€滆媿妫樼細鍦扳€濓紝铔颁紡3绉掑悗闀挎垚锛屾瘡2绉掍細鏈濈洰鏍囧彂灏勮崋妫樺埡鍑伙紝瀵硅鏂瑰悜20灏虹煩褰㈠尯鍩熺殑鐩爣閫犳垚<SUB 27657 0>姣掓€у唴鍔熶激瀹筹紝鎸佺画8绉掋€傗€滆媿妫樼細鍦扳€濆厤鐤帶鍒讹紝鍙互琚敾鍑汇€傚湪瀵掓€т笅鏂藉睍鏃垛€滆媿妫樼細鍦扳€濆彈鍒颁激瀹抽檷浣?%锛屽湪娓╂€т笅鏂藉睍鏃垛€滆媿妫樼細鍦扳€濋€犳垚浼ゅ鎻愰珮5%銆?TALENT 28361 1 闀挎垚鍚庯紝鑷韩姣忓彂鐢熶竴娆′腑鍜岋紝浣垮叾鎸佺画鏃堕棿澧炲姞2绉掞紝骞朵娇鍏跺洖澶?0%姘旇鍊硷紝鑷冲瑙﹀彂4娆°€傝嚜韬柦灞曗€滃惈閿嬬牬鏈堚€濄€佲€滈鍙舵弧
21523 27669	0	15420	1	1	0	0	0	1		(27669) 闈掑窛婵幉	闈掑窛婵幉	绉嶆涓€鏍€滈潚宸濇刊鑾测€濓紝铔颁紡3绉掑悗闀挎垚锛屾瘡2绉掍负鍏?0灏鸿寖鍥存渶澶?涓洟闃熸垚鍛樺洖澶?SUB 28003 0>姘旇鍊硷紝浣垮叾鍦?0灏鸿寖鍥村唴鏀诲嚮瀵规柟灏嗕細鎭㈠<SUB 27673 0>姘旇鍊硷紝鏈€澶氭瘡1.5绉掔敓鏁?娆°€傛寔缁?8绉掋€傚湪娓╂€т笅鏂藉睍鏃垛€滈潚宸濇刊鑾测€濋€犳垚鐨勬不鐤楁彁楂?%銆?TALENT 28609 1 鈥滈潚宸濇刊鑾测€濋暱鎴愬悗锛岃嚜韬瘡鍙戠敓涓€娆′腑鍜岋紝浣垮叾鍥炲20%姘旇鍊硷紝鎸佺画鏃堕棿澧炲姞20%锛岃嚦澶氳Е鍙?娆?<TALENT 28708 1 鈥滈潚宸濇刊
21526 27674	0	15421	1	1	0	0	0	1		(27674) 閫愪簯瀵掕晩	閫愪簯瀵掕晩	鍏嶇柅鎺у埗鎸佺画3绉掞紝骞跺湪鑷韩鑴氫笅鐢熸垚10灏鸿寖鍥寸殑鈥滈€愪簯瀵掕晩鈥濓紝鎸佺画8绉掋€傚皬闃熸垚鍛樺湪杩涘叆鈥滈€愪簯瀵掕晩鈥濆悗灏嗛殣鍖垮叾涓紝韬舰鑾祴鏃犳硶琚€変腑锛屸€滈€愪簯瀵掕晩鈥濇秷澶便€佺寮€鈥滈€愪簯瀵掕晩鈥濇垨鑰呰鑹蹭富鍔ㄦ柦灞曟敾鍑绘嫑寮忓悗闅愬尶娑堝け銆傞殣鍖垮叾涓殑灏忛槦鎴愬憳瀵规晫鏂圭洰鏍囬€犳垚浼ゅ鏃朵細棰濆闄勫甫<SUB 27789 1>姣掓€у唴鍔熶激瀹筹紝骞跺湪2绉掑唴鏃犳硶閲嶆柊杩涘叆闅愬尶銆傗€滈€愪簯瀵掕晩鈥濆厤鐤帶鍒讹紝鍙互琚敾鍑伙紝鍙楀埌鑼冨洿浼ゅ闄嶄綆40%銆?TALENT 28400 1 鈥滈€愪簯瀵掕晩鈥濇皵琛€鍊兼彁楂?
21635 27855	0	915	1	1	0	0	0	2		(27855) 27855 閬撳叿_铦跺紕瓒?浼紶路铦跺紕瓒?浣胯嚜韬Щ鍔ㄩ€熷害鎻愰珮55%锛屾寔缁?5绉掞紝娓呴櫎鑷韩鎵€鏈夌Щ鍔ㄩ檺鍒讹紙鍑诲€掗櫎澶栵級骞朵娇鑷韩鍏嶇柅鎺у埗鏁堟灉锛堣鎷夐櫎澶栵級锛屾寔缁?绉掋€?TALENT 6572 1 鍏呰兘鏃堕棿闄嶄綆20绉掞紝鍚戝墠鐤惧30灏猴紝鈥滃啺蹇冭瘈鈥濅笅浣胯矾寰勪笂鐨?0涓洰鏍囬檮甯︹€滄€ユ洸鈥濇晥鏋滐紝鈥滀簯瑁冲績缁忊€濅笅鍥炲鑷韩10%姘旇><TALENT 6575 1 鍏嶇柅鎺у埗鏁堟灉锛堣鎷夐櫎澶栵級鏃堕棿棰濆澧炲姞2绉掞紝鈥滆繀褰扁€濇寔缁湡闂达紝鍙楀埌鐨勨€滈攣瓒斥€濃€滃畾韬€濃€滅湬鏅曗€濇帶鍒舵晥鏋滄寔缁椂闂撮檷浣?0%>	
21662 27892	1	11945	1	1	0	0	0	7		(27892) 閬撳叿_浼節闇勯闆?浼紶路涔濋渼椋庨浄	浣胯嚜韬繘鍏モ€滄満鐢测€濈姸鎬侊紝杩愬姛杩囩▼鍏嶇柅鎺у埗鍜屼激瀹筹紝杩涘叆鈥滄満鐢测€濈姸鎬佸彲鏂藉睍鐗规畩鎷涘紡锛屾満鐢茬姸鎬佹寔缁?0绉掋€?				0	1			0				0	杈呭姪鎶€锛岄獞涔樹節闇勬満鐢叉垬鏂椼€?				
21666 27897	1	15423	1	1	0	0	0	1		(27897) 缁块噹钄撶敓	缁块噹钄撶敓	瑙ｉ櫎鑷韩鎺у埗锛屼娇鐢ㄨ棨钄撶瀛愶紝鐜粫鑷韩褰㈡垚钘よ敁瑁呯敳锛屾寔缁?绉掞紝浣垮緱璺濈鑷韩6灏哄唴鐨勬晫瀵圭洰鏍囨敾鍑昏嚜韬椂灏嗚鍑婚€€骞跺鍏堕€犳垚<SUB 28430 1>姣掓€у唴鍔熶激瀹筹紝鏁屾柟鏃犳硶閫氳繃瀵硅嚜韬啿鍒烘帴杩?灏?瀵瑰尯鍩熺殑鍐插埡鍒欎笉鍙楀奖鍝?銆傝棨钄撹鐢叉寔缁湡闂村拰缁撴潫鍚?绉掑厤鐤帶鍒?鍑婚€€鍜岃鎷夐櫎澶?銆?TALENT 28716 1 澶勪簬鑷韩鈥滅豢閲庤敁鐢熲€濈姸鎬佹湡闂达紝鑷韩6灏鸿寖鍥村唴鏈€澶?涓洟闃熸垚鍛樹笉浼氶噸浼?<TALENT 34692 1 鏂藉睍鍚?0绉掑唴鍙柦灞曚簩娈垫妧
21672 27906	1	12101	1	1	0	0	0	1		(27906) 閬撳叿_鏂╂棤甯?浼紶路鏂╂棤甯?鍙Щ鍔ㄩ噴鏀撅紝鎸ヨ垶姝﹀櫒杩涜鎸佺画鏃嬭浆锛屾瘡0.5绉掑鑷韩鍛ㄥ洿6灏哄唴鏈€澶?涓晫瀵圭洰鏍囬€犳垚浼ゅ锛孿n杩囩▼涓嚜韬彈鍒颁激瀹抽檷浣?0%锛屽厤鐤帶鍒朵笖鍙互鏍兼尅杩滅▼寮归亾鎶€鑳界殑浼ゅ锛屾寔缁?绉掋€傞檷浣庝激瀹冲拰鏍兼尅杩滅▼寮归亾鎶€鑳界殑鏁堟灉鍙互瀵硅嚜韬?灏鸿寖鍥村唴鐨勫皬闃熸垚鍛樼敓鏁堛€?				0	1			1				0	闃插尽鎶€銆?				
21711 27966	0	1520	1	1	0	0	0	5		(27966) 27966 閬撳叿_鏄熸ゼ鏈堝奖	27966 閬撳叿_鏄熸ゼ鏈堝奖	娓呴櫎鑷韩鎵€鏈夌Щ鍔ㄩ檺鍒讹紝骞朵娇鑷韩鍏嶇柅鎺у埗锛堝嚮閫€鍜岃鎷夐櫎澶栵級锛屾寔缁?绉掋€?	涓婅娉ㄤ换鑴壜疯喕涓紝鏁ｄ簬涓夌劍銆?	鐢熷瓨鎶€锛屽湪琚晫浜烘帶鍒舵椂浣跨敤鏁堟灉鏈€浣炽€?0	1			1					鐢熷瓨鎶€锛岃В闄よ嚜韬帶鍒舵晥鏋溿€?0				
21766 28045	1	3232	1	1	0	0	0	1		(28045) 閬撳叿_浼節闇勯闆峰姞閫?浼紶路娲炵儧鏈哄井	瑙ｉ櫎鑷韩鍙楁帶鐘舵€侊紝浣胯嚜韬Щ鍔ㄩ€熷害鎻愰珮100%锛屽厤鐤墍鏈夋帶鍒舵晥鏋滄寔缁?绉掋€?				1	1			1				0						
21998 28370	1	15729	1	1	0	0	0	1		(28370) 鍖楀ぉ鑽畻_閫愰缚_鎯婇缚鎺犳按寮哄寲鏌冲彾鍒€	閫愰缚	鏂藉睍鈥滄儕楦挎帬姘粹€濊嚜韬厤鐤帶鍒舵晥鏋滐紝鎸佺画3绉掞紝鍛戒腑15灏轰互澶栫洰鏍囨椂锛屽厤鐤帶鍒舵晥鏋滄彁楂樿嚦4绉掋€?				1	1			1				0						
22033 28421	1	15747	1	1	0	0	0	1		(28421) 鍖楀ぉ鑽畻_娓¤嫢_鎯婇缚鎺犳按闄勫甫3绉掗湼浣?娓¤嫢	鈥滄儕楦挎帬姘粹€濊皟鎭椂闂撮檷浣?绉掞紝鍙互閫変腑闃熷弸鏂藉睍锛屽彉涓轰綅绉昏嚦闃熷弸韬竟锛屾柦灞曗€滄儕楦挎帬姘粹€濊嚜韬厤鐤帶鍒舵晥鏋滐紝鎸佺画4绉掋€?				1	1			1				0						
22040 28429	1	15423	1	1	0	0	0	1		(28429) 缁块噹钄撶敓瀵归槦鍙?缁块噹钄撶敓	涓ゅ眰閫忔敮鎷涘紡锛岃В闄よ嚜韬帶鍒讹紝浣跨敤钘よ敁绉嶅瓙锛屽垎鍒幆缁曡嚜韬拰鐩爣褰㈡垚钘よ敁瑁呯敳杩涜瀹堟姢锛屾寔缁?绉掞紝浣垮緱璺濈6灏哄唴鐨勬晫瀵圭洰鏍囨敾鍑诲畧鎶ょ殑鐩爣鏃跺皢琚嚮閫€骞跺鍏堕€犳垚<SUB 28430 1>姣掓€у唴鍔熶激瀹筹紝鏁屾柟鏃犳硶閫氳繃瀵瑰畧鎶ょ殑鐩爣鍐插埡鎺ヨ繎6灏?瀵瑰尯鍩熺殑鍐插埡鍒欎笉鍙楀奖鍝?锛岃棨钄撹鐢叉寔缁湡闂村拰缁撴潫鍚?绉掑厤鐤帶鍒?鍑婚€€鍜岃鎷夐櫎澶?銆?TALENT 28716 1 澶勪簬鑷韩鈥滅豢閲庤敁鐢熲€濈姸鎬佹湡闂达紝鑷韩6灏鸿寖鍥村唴鏈€澶?涓洟闃熸垚鍛樹笉浼氶噸浼?<TALEN
22086 28485	1	15766	1	1	0	0	0	1		(28485) 鍖楀ぉ鑽畻_鍒掍簯_鍚鐮存湀甯﹀啿鍒?鍒掍簯	鈥滃惈閿嬬牬鏈堚€濃€滈鍙舵弧瑗熲€濋€変腑鐩爣鎵嶅彲浠ユ柦灞曪紝鏂藉睍璺濈鎻愰珮鑷?6灏哄苟闄勫甫鍐插埡鏁堟灉锛屾柦灞曗€滃惈閿嬬牬鏈堚€濊嚜韬厤鐤帶鍒?.5绉掞紙鍑婚€€鍜屾媺闄ゅ锛夈€?				1	1			1				0						
22087 28486	0	15403	1	1	0	0	0	1		(28486) 鍚攱鐮存湀鍐插埡	鍚攱鐮存湀	鍐插埡鑷崇洰鏍囪韩鍓嶏紝浣胯嚜韬厤鐤帶鍒?.5绉掞紝瀵?灏?20搴︽渶澶?涓洰鏍囩敤鏌冲彾鍒€閫犳垚<SUB 29505 0>姣掓€у唴鍔熶激瀹冲拰鍍电洿鏁堟灉锛屽懡涓檮甯﹁嚜韬€滈€嗕贡鈥濇晥鏋滅殑渚犲＋鐩爣锛岃繕灏嗕娇鍏垛€滈€嗕贡鈥濇晥鏋滀笅涓よ烦绔嬪嵆鐢熸晥銆傚苟鍙柦灞曚簩娈垫嫑寮忊€滈鍙舵弧瑗熲€?TALENT 29503 1 鈥滃惈閿嬬牬鏈堚€濄€佲€滈鍙舵弧瑗熲€濋€犳垚浼ゅ鎻愰珮40%锛屽懡涓€滈€嗕贡鈥濇晥鏋滅殑鐩爣锛屾瘡灞傚啀鎻愰珮6%鐨勪激瀹?		鏂滈攱鐮存畫鏈堬紝璇硠閾舵弧杈夈€?	浼ゅ鎶€锛屽鐩爣閫犳垚澶ч噺浼ゅ鍜屽兊鐩达紝鐩爣韬笂
22125 28532	1	443	1	1	0	0	0	1		(28532) 灏戞灄_鑸炴鎵澶ф嫑	蹇冭	鎸佺画鑸炴3绉掞紝杩囩▼鍏嶇柅鍏ㄩ儴鎺у埗鏁堟灉銆傛寔缁乏鍙充氦鏇挎尌鑸炴墜涓妫掑叚娆★紝瀵?灏?80掳鑼冨洿鍐呮渶澶?涓洰鏍囬€犳垚涓瓑浼ゅ锛屾瘡娆￠€犳垚浼ゅ鑷韩鑾峰緱1灞傗€滆瑷€鈥濓紝鏈€澶?0灞傘€傛瘡灞傗€滆瑷€鈥濇彁楂橀槼鎬т細蹇?%锛岄槼鎬у唴鍔熸敾鍑?%銆傝垶妫嶇粨鏉熷悗鎵撳嚭涓€娆?2灏鸿寖鍥寸粓缁撴壂鍑诲苟娑堣€楀叏閮ㄢ€滆瑷€鈥濄€?	瑷€璇佸績璇わ紝鎰忔鎬濇專銆傛棤鍙负璇侊紝鏃犵珛瓒冲銆?	鏀诲嚮鎶€锛屽彲閫犳垚澶ч噺缇や綋浼ゅ銆?1	1			1	1			0						
22143 28554	0	16345	1	1	0	0	0	1		(28554) 鏂瑰畤璋褰掓疆闀跨敓娉暵风湡闃寸湡姘?褰掓疆闀跨敓娉?琚姩鏁堟灉锛氳嚜韬嫑寮忛€犳垚鐨勫▉鑳佸€兼彁楂?0%锛岀櫨鎴樻嫑寮忥紝鍑荤牬鐮寸唤閫犳垚鐨勫▉鑳佸€兼彁楂?00%锛屾潵鑷笉鍚屾嫑寮忕殑璇ヨ鍔ㄥ彲浠ュ彔鍔犮€俓n鑷韩鏂藉睍鐨勭传鑹叉嫑寮忓嚮鐮寸牬缁芥椂锛屼細鍥炲鑷韩<MONSTER nSpecialValue2 28554>鐐硅€愬姏銆俓n褰撴皵琛€鍊间綆浜?0%鏃讹紝娑堣€?MONSTER nEnduranceCost 28554>鐐硅€愬姏浣胯嚜韬瘡绉掑洖澶?MONSTER nSpecialValue1 28554>鐐规皵琛€鍊硷紝
22210 28647	0	15401	1	1	0	0	0	1		(28647) 鎯婇缚鎺犳按鍙不鐤?鎯婇缚鎺犳按	鍐插埡鑷虫晫鏂圭洰鏍囪韩杈癸紝瀵圭洰鏍囬€犳垚<SUB 27539 0>姣掓€у唴鍔熶激瀹筹紝浣垮叾瀹氳韩2绉掞紝骞舵爣璁?0绉掞紝鑷韩鍙互鍦?0绉掑唴鏂藉睍浜屾鎷涘紡鈥滃洖椋庡井婢溾€濓紱鍙互瀵归槦鍙嬬洰鏍囨柦灞曪紝鍙樹负浣嶇Щ鑷抽槦鍙嬭韩杈广€?TALENT 28646 1 鈥滄儕楦挎帬姘粹€濅笉鍐嶅崰鐢ㄥ熀纭€璋冩伅鏃堕棿锛屼娇鐩爣鍛ㄥ洿6灏虹殑鏈€澶?涓弸鏂圭洰鏍囨仮澶嶆皵琛€鍊硷紝浣垮緱鎺ヤ笅鏉ョ殑鈥滃洖椋庡井婢溾€濇仮澶嶈嚜韬皵琛€鍊笺€?<TALENT 28370 1 鈥滄儕楦挎帬姘粹€濋€犳垚浼ゅ鎻愰珮100%锛屼娇寰楄嚜韬笅涓€涓€滈摱鍏夌収闆?
22271 28739	1	15710	1	1	0	0	0	1		(28739) 鍖楀ぉ鑽畻_鑳滃▏_闈掑窛婵幉鑼冨洿鍐呮彁楂樺尽鍖?鑳滃▏	鈥滈潚宸濇刊鑾测€濆厤鐤帶鍒讹紝鍙互琚敾鍑伙紝鍙楀埌鑼冨洿浼ゅ闄嶄綆40%锛岃寖鍥村唴灏忛槦鎴愬憳寰″姴鐜囨彁楂?0%锛屽寲鍔茬瓑绾ф彁楂?0%锛岃鏁堟灉鍦ㄧ寮€鑼冨洿鍚庝粛鑳戒繚鐣?绉掋€?				1	1			1				0						
22447 28989	1	16196	1	1	0	0	0	1		(28989) 28989 鍩庡浜庨殟_寤惰繜鍐插埡	鍩庡浜庨殟	鏂藉睍鍚庤В闄よ嚜韬柦灞曟嫑寮忕殑鍍电洿鏁堟灉骞跺師鍦拌搫鍔涳紝鐗囧埢鍚庡啿鍚戠洰鏍囧鍏堕€犳垚<SKILL_[28952_12;28952_13;28952_14;28952_15] PhysicsDamage>鐐?+<SKILLEx {D0} {SkillPhysicsAP_[28952_12;28952_13;28952_14;28952_15] }>)澶栧姛浼ゅ骞跺嚮閫€16灏恒€備緺澹洰鏍囪鍛戒腑灏嗚幏寰?NounID 74>鏁堟灉锛涙嫑寮忔柦
22568 29162	1	12096	1	1	0	0	0	1		(29162) 鍗佹柟鐜勬満鏂版笂绉樻瘝鎶€鑳?鍗佹柟鐜勬満	杩愬姛3绉掞紝杩涘叆鍙屾寔濮挎€侊紝娓呴櫎鑷韩浠囨仺鏁堟灉锛岄€夋嫨涓€涓晫瀵圭帺瀹惰繘琛屼吉瑁咃紝鍙互瀹屽叏鍒囨崲鎴愬叾澶栬琛ㄧ幇锛屽苟涓旇嚜韬笌鎵€鏈変汉鎴愪负鍙嬪ソ鍔垮姏锛屽厤鐤换浣曚激瀹筹紝鎸佺画20绉掋€傝嚜韬娇鐢ㄤ换浣曢棬娲炬妧鑳介兘浼氫娇浼澶辨晥銆?TALENT 22581 1 褰撳懆鍥?0灏烘晫瀵圭帺瀹朵汉鏁拌秴杩?浜烘椂锛岄噴鏀锯€滃崄鏂圭巹鏈衡€濊繑杩?0%鐨勮皟鎭椂闂?<TALENT 22585 1 璋冩伅鏃堕棿闄嶄綆5绉掞紝鑻ユ垚鍔熸柦灞曪紝瑙ｉ櫎鑷韩鎺у埗鏁堟灉锛屾寔缁椂闂存彁楂?绉?<TALENT 22589 
22582 29191	1	16213	1	1	0	0	0	1		(29191) 蹇冭	蹇冭	鎸佺画鑸炴3绉掞紝杩囩▼鍏嶇柅鍏ㄩ儴鎺у埗鏁堟灉銆傛寔缁乏鍙充氦鏇挎尌鑸炴墜涓妫掑叚娆★紝姣忔鑸炴閮藉皢鎻愰珮鑷韩15%闃虫€т細蹇冪巼锛屽6灏?80搴﹁寖鍥村唴鏈€澶?涓洰鏍囬€犳垚涓瓑浼ゅ锛屾瘡娆￠€犳垚浼ゅ鑷韩鑾峰緱1灞傗€滆瑷€鈥濓紝鏈€澶?0灞傘€傛瘡灞傗€滆瑷€鈥濇彁楂樷€滃績璇ぢ锋壂鍑烩€?%閫犳垚鐨勪激瀹炽€傝垶妫嶇粨鏉熷悗鎵撳嚭涓€娆?2灏鸿寖鍥寸粓缁撴壂鍑诲苟娑堣€楀叏閮ㄢ€滆瑷€鈥濄€?	瑷€璇佸績璇わ紝鎰忔鎬濇專銆傛棤鍙负璇侊紝鏃犵珛瓒冲銆?	鏀诲嚮鎶€锛屽彲閫犳垚澶ч噺缇や綋浼ゅ銆?1	1			1	1			0	鏀诲嚮鎶€锛屽彲閫犳垚澶ч噺缇や綋浼ゅ銆?		
22656 29275	1	14140	1	1	0	0	0	1		(29275) 鎴樻枟绠″_灞卞杩炵紭铔?杩炵紭铔?杩愬姛姣?.6绉掑鐩爣閫犳垚澶ч噺姣掓€у唴鍔熶激瀹筹紝鎸佺画鏈熼棿涓嶈鎵撻€€銆佹墦鏂€佷笉鍙楁棤娉曟柦灞曞唴鍔熸嫑寮忓拰缂存鏁堟灉鐨勫奖鍝嶏紝鑷韩鍏嶇柅鎺у埗锛堝嚮閫€鍜岃鎷夐櫎澶栵級锛屾寔缁?绉掋€?	杩炵坏铔婏紝涓嶈В缂樸€?	鏀诲嚮鎶€锛屾寔缁鐩爣閫犳垚浼ゅ銆?1	1			1	1			0	鏀诲嚮鎶€锛屾寔缁繍鍔熷鐩爣閫犳垚澶ч噺浼ゅ銆?				
23181 30025	1	1452	1	1	0	0	0	1		(30025) 閬撳叿_杞咕鍧?浼紶路杞咕鍧?<BUFF 384 1 desc>锛屾寔缁?BUFF 384 1 time>锛屽悓鏃惰В闄ゆ墍鏈夋帶鍒舵晥鏋滐紝鑷韩鍏嶇柅鎺у埗锛堝嚮閫€鍜岃鎷夐櫎澶栵級锛屾寔缁?绉掋€?				1	1			1				0	瑙ｆ帶鎶€锛岄槻寰℃妧銆?				
23226 30082	1	13864	1	1	0	0	0	1		(30082) 閬撳叿_韪忔槦琛?浼紶路韪忔槦琛?闂ㄦ淳杞诲姛锛岃В闄よ嚜韬噺閫熴€侀攣瓒虫晥鏋滐紝浣胯嚜韬櫄鍖栨诞绌猴紝琚懡涓嚑鐜囬檷浣?5%锛岀Щ鍔ㄩ€熷害鎻愰珮30%锛屾湡闂村厤鐤帶鍒朵笖鍙嚜鐢辨紓娴紝鏃犳硶鏂藉睍鎷涘紡銆?				1	1			1				0	杞诲姛锛岄槻寰℃妧锛屼綅绉绘妧銆?				
23267 30123	1	15405	1	1	0	0	0	1		(30123) 閬撳叿_鍑岀劧澶╅	浼紶路鍑岀劧澶╅	鍑岀┖鑰岃捣锛屽厤鐤帶鍒讹紙鍑婚€€鍜岃鎷夐櫎澶栵級锛屽苟浣垮緱鑷韩韬交濡傜嚂锛屾柦灞曟嫑寮忔渶澶ц窛绂绘彁楂?灏猴紝鏂藉睍浠绘剰鎷涘紡鍙互棰濆鑾峰緱涓€娆¤烦璺冩満浼氾紝涓旇烦璺冿紙鑷韩鎸塛/A/S/D绌烘牸杩涜璺宠穬鏃讹級鍙樹负鏈濆搴旀柟鍚戠殑涓€灏忔鍐插埡鏁堟灉锛屾寔缁?绉掋€傗€滃噷鐒跺ぉ椋庘€濇湡闂磋捣璺冲強璺宠穬鏃惰嚜韬厤鐤嚮閫€銆?				1	1			1				0	杞诲姛锛屼綅绉绘妧銆傝烦寰楁洿楂樸€?				
23347 30226	1	16213	1	1	0	0	0	1		(30226) 閬撳叿_蹇冭	浼紶路蹇冭	鎸佺画鑸炴3绉掞紝杩囩▼鍏嶇柅鍏ㄩ儴鎺у埗鏁堟灉銆傛寔缁乏鍙充氦鏇挎尌鑸炴墜涓妫掑叚娆★紝瀵?灏?80搴﹁寖鍥村唴鏈€澶?涓洰鏍囬€犳垚涓瓑浼ゅ锛屾瘡娆￠€犳垚浼ゅ鑷韩鑾峰緱1灞傗€滆瑷€鈥濓紝鏈€澶?0灞傘€傛瘡灞傗€滆瑷€鈥濇彁楂樹細蹇?%銆傝垶妫嶇粨鏉熷悗鎵撳嚭涓€娆?2灏鸿寖鍥寸粓缁撴壂鍑诲苟娑堣€楀叏閮ㄢ€滆瑷€鈥濄€?				1	1			1				0	缇や綋浼ゅ鎶€銆?				
23361 30243	1	4895	1	1	0	0	0	1		(30243) 閬撳叿_鎭婚殣榫欏暩	浼紶路榫欏暩涔濆ぉ	瑙ｉ櫎鑷韩鎺у埗鏁堟灉骞跺厤鐤帶鍒舵晥鏋滐紝鎸佺画3绉掞紱浣胯嚜韬彈鍒扮殑浼ゅ闄嶄綆60%锛屾寔缁?绉掞紝骞跺嚮椋炶嚜韬崐寰?灏鸿寖鍥村唴鏈€澶?涓洰鏍囬€犳垚浼ゅ銆傛柦灞曡繃绋嬩腑涓嶅彈鎺у埗鏁堟灉鐨勫奖鍝嶏紙琚媺闄ゅ锛夈€傚悓鏃惰兘澶熷嚮姣佹敾鍑昏寖鍥村唴鏈€澶?涓皵鍦哄拰鍙鏈哄叧銆?				1	1			1				0	闃插尽鎶€銆?				
23364 30247	1	10769	1	1	0	0	0	1		(30247) 閬撳叿_椹窘涔橀	浼紶路椹窘楠嬮	鍛戒护娴烽洉灏嗚嚜韬姄涓婂ぉ绌猴紝瑙ｉ櫎鑷韩鍙楁帶鍒剁姸鎬侊紝浣胯嚜韬厤鐤帶鍒?绉掑苟鍑忓皯30%鍙楀埌鐨勪激瀹炽€?				1	1			1				0	闃插尽鎶€锛岃В鎺ф妧銆?				
23390 30276	1	15421	1	1	0	0	0	1		(30276) 閬撳叿_閫愪簯瀵掕晩	浼紶路閫愪簯瀵掕晩	瑙ｉ櫎鑷韩鎺у埗锛屽厤鐤帶鍒舵寔缁?绉掞紝骞跺湪鑷韩鑴氫笅鐢熸垚10灏鸿寖鍥寸殑鈥滈€愪簯瀵掕晩鈥濓紝鎸佺画10绉掋€傚皬闃熸垚鍛樺湪杩涘叆鈥滈€愪簯瀵掕晩鈥濈煭鏆傚欢杩熷悗灏嗛殣鍖垮叾涓紝韬舰鑾祴鏃犳硶琚€変腑锛屸€滈€愪簯瀵掕晩鈥濇秷澶便€佺寮€鈥滈€愪簯瀵掕晩鈥濇垨鑰呰鑹插彂鍔ㄦ敾鍑诲悗闅愬尶娑堝け銆傗€滈€愪簯瀵掕晩鈥濆厤鐤帶鍒讹紝鍙互琚敾鍑伙紝鍙楀埌鑼冨洿浼ゅ闄嶄綆20%銆?				1	1			1				0	闃插尽鎶€锛岃В鎺ф妧銆?				
23408 30301	1	15423	1	1	0	0	0	1		(30301) 閬撳叿_缁块噹钄撶敓	浼紶路缁块噹钄撶敓	瑙ｉ櫎鑷韩鎺у埗锛屼娇鐢ㄨ棨钄撶瀛愶紝鐜粫鑷韩褰㈡垚钘よ敁瑁呯敳锛屼娇寰楄窛绂昏嚜韬?灏哄唴鐨勬晫瀵圭洰鏍囨敾鍑昏嚜韬椂灏嗚鍑婚€€骞跺鍏堕€犳垚浼ゅ锛屾晫鏂规棤娉曢€氳繃瀵硅嚜韬啿鍒烘帴杩?灏猴紙瀵瑰尯鍩熺殑鍐插埡鍒欎笉鍙楀奖鍝嶏級銆傛湡闂村厤鐤帶鍒讹紙鍑婚€€鍜岃鎷夐櫎澶栵級锛屾寔缁?绉掋€?				1	1			1				0	闃插尽鎶€锛岃В鎺ф妧銆?				
23598 30587	0	16345	1	1	0	0	0	1		(30587) 鏂瑰畤璋褰掓疆闀跨敓娉暵风湡闃寸湡姘?褰掓疆闀跨敓娉?琚姩鏁堟灉锛氳嚜韬嫑寮忛€犳垚鐨勫▉鑳佸€兼彁楂?0%锛岀櫨鎴樻嫑寮忥紝鍑荤牬鐮寸唤閫犳垚鐨勫▉鑳佸€兼彁楂?00%锛屾潵鑷笉鍚屾嫑寮忕殑璇ヨ鍔ㄥ彲浠ュ彔鍔犮€俓n鑷韩鏂藉睍鐨勭传鑹叉嫑寮忓嚮鐮寸牬缁芥椂锛屼細鍥炲鑷韩<MONSTER nSpecialValue2 28554>鐐硅€愬姏銆俓n褰撴皵琛€鍊间綆浜?0%鏃讹紝娑堣€?MONSTER nEnduranceCost 28554>鐐硅€愬姏浣胯嚜韬瘡绉掑洖澶?MONSTER nSpecialValue1 28554>鐐规皵琛€鍊硷紝
23982 31157	1	7169	1	1	0	0	0	1		(31157) 鑾棶淇綈瀛ゅ奖	淇綈	鈥滃褰卞寲鍙屸€濇柦灞曡繑鍥炴嫑寮忔椂锛屼笉鍙楃即姊板拰鏃犳硶杩愬姛鏁堟灉鐨勫奖鍝嶏紝褰卞瓙琚彫鍥?绉掑唴浠嶇劧浼氶檮鐫€鐜╁锛屾湡闂村垎鎽婄帺瀹跺彈鍒颁激瀹崇殑50%锛屽苟浣胯嚜韬厤鐤墍鏈夋帶鍒舵晥鏋?鍑婚€€鍜岃鎷夐櫎澶?銆?				1	1			1				0						
24557 32142	1	17577	1	1	0	0	0	1		(32142) 娓搁椋樿釜	娓搁椋樿釜	灏嗚嚜韬墍鍙楃殑鎺у埗鏁堟灉(鍑婚€€鍜岃鎷夐櫎澶?杞Щ缁欐湁鑷韩鐮寸唤鐩爣锛屾寔缁?绉掞紝骞跺湪10绉掑唴鍏嶇柅鎺у埗鏁堟灉(鍑婚€€鍜岃鎷夐櫎澶?銆?TALENT 32498 1 鏁堟灉鏈熼棿鍙楀埌鐨勪激瀹抽檷浣?%锛屾柦灞曟椂灏嗘妸鎵€鏈夊彈鎺х姸鎬?鍑婚€€銆佽鎷夈€佸噺閫?闄ゅ閮借涓衡€滃嚮鍊掆€濈姸鎬佽浆绉诲嚭鍘?		椋橀浂瀛ら攱锛屾父椋庤棌韪€?	杈呭姪鎶€锛岃В闄よ嚜韬帶涓旂煭鏃堕棿鍏嶇柅鎺у埗鏁堟灉銆?1	1			1				0	杈呭姪鎶€锛岃В闄よ嚜韬帶涓旂煭鏃堕棿鍏嶇柅鎺у埗鏁堟灉銆?				
24580 32174	0	17696	1	1	0	0	0	1		(32174) 鎸夎檸寮徛蜂竴娈?瀹氶鍑濅簯	鍑濈闈欐皵8绉掞紝鏈熼棿鑷韩鍙楀埌鐨勪激瀹抽檷浣?0%涓斿厤鐤帶鍒舵晥鏋?鍑婚€€鍜岃鎷夐櫎澶?锛屽苟浣挎湁鑷韩鈥滅牬缁解€濈殑鐩爣绔嬪埢缁撴潫瀹屽叏闅愯韩鍙婃棤娉曢€変腑鐘舵€侊紝鍑濈杩囩▼涓柦灞曞叾浠栨嫑寮忎細鎻愬墠瑙ｉ櫎璇ョ姸鎬併€?TALENT 32576 1 鎸佺画鏈熼棿鍙楀埌鐨勪激瀹抽檷浣?0%涓斾笉鍙楄鎺ㄣ€佽鎷夊奖鍝?<TALENT 32494 1 鎸佺画鏈熼棿鍙楀埌鐨勪激瀹抽檷浣?0%涓斾笉鍙楄鎺ㄣ€佽鎷夊奖鍝嶏紝姣忕鍥炲鑷韩3%姘旇鏈€澶у€硷紝鎻愬墠缁撴潫鍒欒幏鍙栧墿浣欐仮澶嶅€?<TALENT 32581 1 鎸佺画
24676 32300	1	3179	1	1	0	0	0	1		(32300) 閬撳叿_杩炵幆寮?浼紶路杩炵幆寮?姣?绉掑鐩爣鍙戝皠涓€鏋氬缉绠紝涓€鍏卞彂灏?鏀€傛瘡涓€鏀濞佸姏鍧囬珮浜庡墠涓€绠€傝嫢鐩爣绂昏嚜宸卞皬浜?5灏猴紝鍒欐瘡鏋氱閮藉嚮閫€鐩爣4灏恒€傝鎷涘紡鍏嶇柅鎵撴柇锛岄噴鏀炬椂涓嶅彲琚帶鍒躲€?				1	1			1				0	浼ゅ鎶€銆?				
24729 32379	1	18311	1	1	0	0	0	1		(32379) 鍧愰殣_妫嬪瓙鑼冨洿鍐呰嚜韬綆琛€閲忕洿鎺ュ紩鐖嗘瀛愮粰鐩?鍧愰殣	姘旇鍊间綆浜?5%鏃讹紝姣忓紩鐖?涓瀛愬垯浣胯嚜韬幏寰椾竴灞?%鏈€澶ф皵琛€鍊肩殑鍚告敹鐩撅紝鎶ょ浘瀛樺湪5绉掞紝鏈熼棿杩愬姛涓嶈鎵撴柇銆佹墦閫€锛屽厤鐤帶鍒舵晥鏋滐紙鎺ㄦ媺闄ゅ锛夈€?				1	1			1				0						
24768 32461	1	17567	1	1	0	0	0	1		(32461) 椹伴鍏鍚庣画鍏嶆帶	濂囩┐	鏂藉睍鈥滈┌椋庡叓姝モ€濆悗鑷韩鍏嶇柅鎺у埗鎺у埗鏁堟灉锛堣鎺ㄣ€佽鎷夐櫎澶栵級鎸佺画6绉掋€?				1	1			1				0						
24972 32753	1	17710	1	1	0	0	0	1		(32753) 瀵傜伃铔?瀵傜伃铔?鏂藉睍铔婃湳閾炬帴鑷韩涓庤泭铏紝3绉掑唴姣?.5绉掑鑷韩涓庤泭铏?灏鸿寖鍥存渶澶?涓晫鏂圭帺瀹堕€犳垚<SUB 32759 1>浼ゅ锛屾瘡璺冲欢闀跨洰鏍囪韩涓婂睘浜庤嚜宸辩殑鎸佺画涓嶅埄浼ゅ鏁堟灉1璺筹紝鏁堟灉缁撴潫鍚庝細灏嗚寖鍥村唴鐨勬晫鏂圭洰鏍囨媺鑷充腑蹇冧綅缃€傛湡闂磋嚜韬厤鐤帶鍒躲€佸厤鐤墦鏂€佹墦閫€銆佹棤娉曡繍鍔熴€佺即姊版晥鏋滐紝鍙互鏂藉睍<NounID 133>銆傝鎷涘紡瑙嗕负鈥滃紩榄傝泭鏈€濆璺嫑寮忋€?TALENT 42902 1 >		澶ц崚鑱氱伒锛屽ぇ鍖栧瘋鐏€?	鏀诲嚮鎶€锛岃兘瀵瑰涓洰鏍囬€犳垚浼ゅ锛屽苟寤堕暱鎸佺画浼ゅ涓嶅埄
25017 32824	1	17708	1	1	0	0	0	1		(32824) 瀛旈泙寮?瀛旈泙寮?杩愬姛2绉掞紝閲婃斁浣犵殑瀛旈泙锛屾湡闂村厤鐤墍鏈夋帶鍒跺拰鎵撴柇鏁堟灉銆傚瓟闆€缁ф壙鑷韩130%鏈€澶ф皵琛€鍊间笂闄愶紝鍒濆姘旇鍊间负1鐐癸紝姣忕鍥炲3%鏈€澶ф皵琛€鍊硷紱瀛旈泙鍏嶇柅鎵€鏈変激瀹虫晥鏋滀笖鍦ㄧ敓鎴愭椂浼氶€夋嫨10灏鸿寖鍥村唴鑷冲3鍚嶅弸鏂圭洰鏍囪繘琛屽簢浣戯紝搴囦綉鏁堟灉鍦ㄧ寮€瀛旈泙20灏哄悗娑堝け銆傝嚜韬拰鏁屾柟鐩爣鍧囧彲浠ユ不鐤楀瓟闆€銆傚瓟闆€姣忕浼氭不鐤?0灏哄唴鏈€澶?涓弸鏂圭洰鏍囥€傛湡闂村彲鏂藉睍涓€娆′簩娈垫妧鑳解€滀笢鍗楅鈥濓紝浣垮瓟闆€杞Щ鑷冲綋鍓嶄綅缃紝骞堕噸鏂拌繘琛屼竴娆″簢浣戙€傚綋鑷韩瀵瑰瓟闆€鏂藉姞澧炵泭鏁堟灉鏃讹紝姣忎釜琚簢浣戠殑鐩爣鍧囦細鑾峰緱
25086 32902	0	15401	1	1	0	0	0	1		(32902) 鏃犳柟鑲冪窘鎽歌崏鍋囨儕楦跨暐姘?鎯婇缚鎺犳按	鍐插埡鑷崇洰鏍囪寖鍥达紝瀵圭洰鏍囬€犳垚<SUB 27539 0>姣掓€у唴鍔熶激瀹筹紝浣垮叾瀹氳韩2绉掞紝鑷韩鍙互鍦?0绉掑唴鏂藉睍浜屾鎷涘紡鈥滃洖椋庡井婢溾€濄€?TALENT 28370 1 鏂藉睍鈥滄儕楦挎帬姘粹€濊嚜韬厤鐤帶鍒舵晥鏋滐紝鎸佺画3绉掞紝鏂藉睍鈥滄儕楦挎帬姘粹€濆懡涓?5灏轰互澶栫洰鏍囨椂锛屽厤鐤帶鍒舵晥鏋滄彁楂樿嚦4绉?<TALENT 28376 1 涓嶅啀鍗犵敤鍩虹璋冩伅鏃堕棿锛岃嫢鍛戒腑杩愬姛鐩爣锛屽垯鎵撴柇鐩爣杩愬姛锛屽苟鍥炲鑷韩10%鍐呭姏鍊?<TALENT 28421 1 璋冩伅鏃堕棿闄嶄綆
25087 32905	1	18305	1	1	0	0	0	1		(32905) 钃勫姏灏勭	鎸ラ噾闀?钃勫姏灏勭锛屾湡闂磋嚜韬厤鐤帶鍒讹紝鏈€澶氳搫鍔?绉掑鏈€澶?涓洰鏍囬€犳垚鏈€杩?0灏烘渶澶?SUB 32984 3>鐨勫鍔熶激瀹筹紝浣跨洰鏍囪幏寰楁渶灏?绉掓渶澶?绉掔殑鈥滅牬鍐涒€濇晥鏋溿€?	椋為暆寮曢攱锛岄福闆峰簲寮︺€?	鏀诲嚮鎶€锛岃搫鍔涘皠鍑虹鐭㈤€犳垚浼ゅ銆?1	1			1	1			0	鏀诲嚮鎶€锛岃搫鍔涘皠鍑虹鐭㈤€犳垚浼ゅ銆?				
25218 33099	1	1452	1	1	0	0	0	1		(33099) 杞咕鍧鎺ㄦ媺鍙敤	杞咕鍧?<BUFF 384 2 desc>锛屾寔缁?BUFF 384 2 time>锛屽悓鏃惰В闄ゆ墍鏈夋帶鍒舵晥鏋滐紝鑷韩鍏嶇柅鎺у埗锛屾寔缁?绉掋€?TALENT 17741 1 璋冩伅鏃堕棿闄嶄綆15绉掞紝鏂藉睍鈥滆浆涔惧潳鈥濋噸缃€滀竾鍓戝綊瀹椻€濃€滀汉鍓戝悎涓€鈥濃€滃ぇ閬撴棤鏈€濃€滃叓鑽掑綊鍏冣€濃€滃墤鍐查槾闃斥€濈殑璋冩伅鏃堕棿><TALENT 5808 1 鍥炲15%鐨勬皵琛€锛屽彈鍒扮殑浼ゅ棰濆闄嶄綆10%>		鐏靛墤搴斿厓鍔裤€?	闃插尽鎶€锛岄檷浣庤嚜韬彈鍒扮殑鏀诲嚮浼ゅ鍚屾椂鍏嶇柅鎺у埗鏁堟灉銆?0	1			1		
25435 33333	1	18305	1	1	0	0	0	1		(33333) 钃勫姏灏勭椹笂姣嶆妧鑳?鎸ラ噾闀?钃勫姏灏勭锛屾湡闂磋嚜韬厤鐤帶鍒讹紝鏈€澶氳搫鍔?绉掑鏈€澶?涓洰鏍囬€犳垚鏈€杩?0灏烘渶澶?SUB 32984 3>鐨勫鍔熶激瀹筹紝浣跨洰鏍囪幏寰楁渶灏?绉掓渶澶?绉掔殑鈥滅牬鍐涒€濇晥鏋溿€?	椋為暆寮曢攱锛岄福闆峰簲寮︺€?	鏀诲嚮鎶€锛岃搫鍔涘皠鍑虹鐭㈤€犳垚浼ゅ銆?0	1			1				0	鏀诲嚮鎶€锛岃搫鍔涘皠鍑虹鐭㈤€犳垚浼ゅ銆?				
25656 33576	1	11892	1	1	0	0	0	1		(33576) 浜旀瘨_琛ュぉ_閲戠摨 鐚キ鏃燝CD濂冲ú	閲戠摨	鈥滆泭铏尞绁€濊皟鎭椂闂撮檷浣?绉掞紝鏂藉睍鍚庣珛鍗抽噸缃墍鏈夊疇鐗╂妧鑳借皟鎭椂闂达紝鈥滆泭铏尞绁€濆厤鐤帶鍒舵晥鏋滄湡闂磋嚜韬彈鍒版不鐤楁晥鏋滄彁楂?0%涓旇嚜韬柦灞曗€滃コ濞茶ˉ澶┾€濅笉鍗犵敤鍩虹璋冩伅鏃堕棿銆?				0	0			1				0						
26356 34567	0	19150	1	1	0	0	0	7		(34567) 纰ф按姘存湀鏃犻棿	娓呮箾路姘存湀鏃犻棿	鎭㈠20鐐瑰ⅷ鎰忋€傝嫢澧ㄦ剰楂樹簬20锛屽垯涓嬩竴浼ゅ鎴栫枟浼ゆ嫑寮忔棤闇€杩愬姛骞舵秷鑰?0澧ㄦ剰锛屾寔缁?0绉掋€傚悓鏃惰嚜韬幏寰椻€滃竷鏁ｂ€濇皵鍔诧紝浣挎嫑寮忛€犳垚鐨勫▉鑳侀檷浣?0%锛屾贩鍏冨唴鍔熷熀纭€鏀诲嚮鍔涘拰鍩虹鐤椾激鎴愭晥鎻愰珮30%锛屾寔缁?0绉掋€傚苟浣胯嚜韬厤鐤帶鍒?鍑婚€€鍜岃鎷夐櫎澶?锛屾寔缁?绉掋€?TALENT 14641 1 鈥滃竷鏁ｂ€濇晥鏋滄寔缁椂闂撮澶栧鍔?0绉掞紝鎸佺画鏈熼棿鑷韩鍙楀埌娌荤枟鎻愰珮20%><TALENT 2639 1 鏂藉睍鍚庢仮澶嶈嚜韬?%鍐呭姏鏈€澶у€?<TALENT 
26357 34568	0	19149	1	1	0	0	0	5		(34568) 纰ф按鏄熸ゼ鏈堝奖	娓呮箾路鏄熸ゼ鏈堝奖	鎭㈠10鐐瑰ⅷ鎰忥紝娓呴櫎鑷韩鎵€鏈夌Щ鍔ㄩ檺鍒讹紝骞朵娇<BUFF 411 1 desc>锛屾寔缁?绉掞紝鎸佺画鏈熼棿鑾峰緱鍖栬В鑷韩鏈€澶ф皵琛€鍊?5%浼ゅ鐨勬姢鐩撅紝鈥滅缁忔槗閬撯€濆績娉曚笅鏂藉睍鍚庤繑杩?绉掕皟鎭椂闂村苟浣垮寲瑙ｉ噺鎻愬崌鑷?5%鏈€澶ф皵琛€鍊笺€?TALENT 16857 1 鍙楀埌浼ゅ瀵艰嚧鑷韩姘旇鍊间綆浜?0%锛岀珛鍒婚噸缃€滃お闃存寚鈥濃€滄槦妤兼湀褰扁€濊皟鎭椂闂达紝璇ユ晥鏋滄渶澶?0绉掕Е鍙戜竴娆?<TALENT 14634 1 璋冩伅鏃堕棿闄嶄綆3绉掞紝鑷韩寰″姴鎻愰珮5%锛屾寔缁椂闂村
26371 34591	1	17577	1	1	0	0	0	1		(34591) 閬撳叿_娓搁椋樿釜	浼紶路娓搁椋樿釜	灏嗚嚜韬墍鍙楃殑鎺у埗鏁堟灉锛堜笉鍖呮嫭琚帹銆佽鎷夛級杞Щ缁欏綋鍓嶇洰鏍囷紝鎸佺画5绉掞紝骞跺湪10绉掑唴鍑忓皯15%鍙楀埌鐨勪激瀹筹紝鍏嶇柅鎺у埗鏁堟灉锛堜笉鍖呮嫭琚帹銆佽鎷夛級銆傞潪鍙楁帶鐘舵€佷笅鏂藉睍灏嗚繑鍥?绉掕皟鎭椂闂淬€?				1	1			1				0	瑙ｆ帶鎶€锛屽弽鍒舵妧銆?				
26417 34648	1	9552	1	1	0	0	0	1		(34648) 鏁涘奖鏃犻攱鐧鹃噷杩介瓊	鐧鹃噷杩介瓊	浣胯嚜韬繘鍏ョ嫏鍑荤姸鎬侊紝钃勫姏4娆℃€昏1.25绉掞紝钃勫姏鏈熼棿鍏嶇柅鎵撴柇锛屾矇榛橈紝鎺у埗锛屽鐩爣鐐硅寖鍥存渶澶?涓洰鏍囬€犳垚鏈€灏?SUB 33870 1>澶栧姛浼ゅ锛屾渶澶?SUB 33870 4>澶栧姛浼ゅ锛岃搫鍔涙椂闂磋秺闀匡紝浼ゅ瓒婇珮涓旇寖鍥磋秺灏忋€傛瘡钃勫姏1娆★紝浼氬績鎻愰珮22.5%锛屾棤瑙嗙洰鏍?5%澶栧姛闃插尽銆傝鎷涘紡瑙嗕负鈥滅櫨姝ョ┛鏉ㄢ€濆璺嫑寮忥紝娑堣€椾竴鏋氬缉绠€?	绠煝鏄熷闆紝鐧鹃噷杩藉榄傘€?	鏀诲嚮鎶€锛屽鐩爣鐐硅寖鍥撮€犳垚澶ч噺浼ゅ銆?0	1			1				0	鏀诲嚮鎶€锛岃搫鍔?
26422 34655	1	19188	1	1	0	0	0	1		(34655) 浜旀瘨_琛ュぉ_瀹犵墿鍏嶆帶鍙婃敾鍑诲洖琛€鍥炶摑	杩炲	鍙敜铔婅櫕涓嶅啀鍗犵敤鍩虹璋冩伅鏃堕棿锛屽疇鐗╁彈鍒扮殑浼ゅ闄嶄綆50%锛屽厤鐤帶鍒讹紝骞朵笖瀹犵墿鏀诲嚮鐩爣鎴栭€犳垚娌荤枟锛屽垯鑷韩鎭㈠4%鏈€澶ф皵琛€鍊笺€?				1	1			1				0						
26925 35306	0	16345	1	1	0	0	0	1		(35306) 鏂瑰畤璋褰掓疆闀跨敓娉昣涓诲姩	褰掓疆闀跨敓娉?琚姩鏁堟灉锛氳嚜韬嫑寮忛€犳垚鐨勫▉鑳佸€兼彁楂?0%锛岀櫨鎴樻嫑寮忥紝鍑荤牬鐮寸唤閫犳垚鐨勫▉鑳佸€兼彁楂?00%锛屾潵鑷笉鍚屾嫑寮忕殑璇ヨ鍔ㄥ彲浠ュ彔鍔犮€俓n鑷韩鏂藉睍鐨勭传鑹叉嫑寮忓嚮鐮寸牬缁芥椂锛屼細鍥炲鑷韩<MONSTER nSpecialValue2 28554>鐐硅€愬姏銆俓n褰撴皵琛€鍊间綆浜?0%鏃讹紝娑堣€?MONSTER nEnduranceCost 28554>鐐硅€愬姏浣胯嚜韬瘡绉掑洖澶?MONSTER nSpecialValue1 28554>鐐规皵琛€鍊硷紝鍥炲
26963 35388	1	19626	1	1	0	0	0	1		(35388) 鍏崚琛￠壌_鍑岄洩_姣嶆妧鑳?涔卞ぉ鐙?姣?.5绉掑鍓嶆柟10灏猴紝120掳鎵囧舰鍖哄煙閫犳垚浼ゅ锛屾寔缁?.5绉掋€傛湡闂磋嚜韬厤鐤帶鍒讹紝閿佸畾闈㈠悜锛屽苟鍒囨崲鑷充簩娈点€?				1	1			1				0						
27174 35682	1	19591	1	1	0	0	0	1		(35682) 婢勭閱掓ⅵ	婢勭閱掓ⅵ	鍛煎敜灏忎箻榛勫府鍔╄嚜宸憋紝瑙ｉ櫎鎺у埗骞跺湪8绉掑唴鍏嶇柅鎵€鏈夋帶鍒讹紙鍑婚€€鍜岃鎷夐櫎澶栵級锛屽彈鍒颁激瀹抽檷浣?0%銆?TALENT 42468 1 ><TALENT 42486 1 ><TALENT 44346 1 >		绋氬績婢勬緢锛屽ぇ姊︽竻鏄庛€?	瑙ｆ帶鎶€锛岃В闄よ嚜韬帶鍒舵晥鏋溿€?1	1			1				0	瑙ｆ帶鎶€锛岃В闄よ嚜韬帶鍒舵晥鏋溿€?				
27176 35684	1	20316	1	1	0	0	0	1		(35684) 娓搁浘涔樹簯	娓搁浘涔樹簯	娑堣€椾竴涓敜鐏靛嵃锛屽拰涔橀粍鍗忓姏锛岃В闄ら攣瓒炽€佸噺閫熸晥鏋滐紝瑙﹀彂缁撻瓊缂旂害鐨勪笁绉嶆晥鏋滐紝10绉掑唴绉诲姩閫熷害鎻愰珮150%骞跺ぇ骞呮彁楂樿烦璺冭兘鍔涳紝鍏嶇柅鎺у埗涓斾粎鍙柦灞曗€滃姴椋庣皣鈥濄€佲€滈┌椋庨福瑙掆€濅互鍙婇闀濆簲閿嬭瘈濂楄矾鎶€鑳姐€俓n鏈熼棿婵€娲讳簩娈垫嫑寮?NounID 178>銆?TALENT 35763 1 鈥滄父闆句箻浜戔€濋渶瑕?鏋氣€滃敜鐏靛嵃鈥濇柟鍙柦灞曪紝鏂藉睍鍚庢竻绌哄叏閮ㄢ€滃敜鐏靛嵃鈥濆苟閲嶇疆璋冩伅鏃堕棿锛屼娇褰撳墠鍏ㄩ儴绠煝鑾峰緱鈥滅┖寮︽儕闆佲€濇晥鏋溿€傛湡闂粹€滃姴椋庣皣鈥濋€犳垚浼ゅ鎻愰珮140%><TALENT
27188 35697	1	20423	1	1	0	0	0	1		(35697) 椋庡敖娴敓	椋庡敖娴敓	鍙屽嚮WASD鍚庯紝鍚戞寚瀹氭柟鍚戝啿鍒?0灏猴紝姝ゆ鍐插埡鏈熼棿鍏嶇柅鎺у埗骞跺彲鏂藉睍涓婂鸡鏄熸祦鏈璺嫑寮忥紝鍙互閫忔敮鏂藉睍涓€娆°€?TALENT 35758 1 鏂藉睍鈥滈灏芥诞鐢熲€濆悗鑷韩鍙楀埌鐨勪激瀹抽檷浣?0%锛屾寔缁?绉?<TALENT 36449 1 鈥滈灏芥诞鐢熲€濅竴娈靛啿鍒鸿繃绋嬩腑锛岄噸缃€滅櫧缇芥祦鏄熲€濆苟婵€娲烩€滄病鐭抽ギ缇解€?		鑼曡寱椋庤繃锛屾诞鐢熼棽褰便€?	浣嶇Щ鎶€锛屾湡闂村彲鏂藉睍寮撳璺嫑寮忋€?1	1			1				0	浣嶇Щ鎶€锛屾湡闂村彲鏂藉睍寮撳璺嫑寮忋€?				
27240 35743	1	20265	1	1	0	0	0	1		(35743) 涓囩伒08-3鏃剁ク_姹囩伒鍚堝鍚庡厤鐤帶鍒?鏃剁ク	鈥滄眹鐏靛悎濂戔€濈姸鎬佺粨鏉熷悗锛岃嚜韬幏寰?绉掆€滄緞绁為啋姊︹€濆拰鈥滃簲澶╂巿鍛解€濇晥鏋溿€?				1	1			1				0						
27526 36150	1	20075	1	1	0	0	0	1		(36150) 鏅﹀啣鏇宠拷韪洰鏍?鏅﹀啣鏇?瑙ｉ櫎鑷韩鍙楁帶鐘舵€侊紝浣胯嚜韬厤鐤帶鍒朵笌浼ゅ鏁堟灉锛屾寔缁?绉掋€傛柦灞曟椂涓嶅彈鏃犳硶杩愬姛鏁堟灉褰卞搷銆?				1	1			1				0						
27535 36169	1	20085	1	1	0	0	0	1		(36169) 琛ュぉ_缈╃烤_鑴辨墜鍗冭澏	缈╃烤	鑷韩鎼哄甫纰ц澏鏃讹紝鏂藉睍鈥滃崈铦跺悙鐟炩€濅細灏嗙ⅶ铦舵浛鎹㈡垚涓€鍙€滅窘缈犵殗铦垛€濓紝浠ｆ浛鑷韩鏂藉睍鈥滃崈铦跺悙鐟炩€濄€傛崯澶辨墍鏈夋皵琛€鍊煎垯鍋滄閲婃斁鈥滃崈铦跺悙鐟炩€濄€傛湡闂磋嚜韬嫢鍦ㄨ澏涓涘唴锛屽垯鍏嶇柅鎺у埗銆?				1	1			1				0						
27590 36281	0	14112	1	1	0	0	0	1		(36281) 鐑熸稕瀹氭尝钃勫姏	瀹氭尝鐮ユ緶	3绉掕搫鍔涙嫑寮忥紝2灞傚厖鑳斤紝鏈熼棿鍑忎激40%骞跺厤鐤帶鍒跺拰鎭愭儳鏁堟灉銆傝搫鍔涘悗閲婃斁瀵?灏鸿寖鍥存晫鏂圭洰鏍囬€犳垚鏈€楂?SUB 36282 3>澶栧姛浼ゅ銆傛湡闂磋嫢琚敾鍑绘垨钃勫姏1.5鑷?绉掓湡闂撮噴鏀撅紝鍙嶅嚮闄勫甫5绉掑嚮鍊掞紝骞堕檮甯︿袱灞傞噸鍒涙晥鏋溿€?TALENT 38691 1 鎷涘紡鏈熼棿浣?灏哄唴鏈€澶?鍚嶇洰鏍囧噺閫熴€傜粨鏉熸椂瀵?灏哄唴鐩爣閫犳垚浼ゅ锛屽湪鈥滄尟缈呭浘鍗椻€濇垨姘撮緳鍗蜂腑缁撴潫鏃讹紝浼ゅ鎻愰珮50%>		鐙傛緶闅滃渤锛岀牓鏌遍晣娴併€?	鍙嶅嚮鎶€锛屽彈鍒版敾鍑荤珛鍗冲鍓嶆柟閫犳垚澶ч噺浼ゅ骞跺嚮鍊掓晫
27686 36416	0	20358	1	1	0	0	0	7		(36416) 蹇洩鏃舵櫞绉诲姩	蹇洩鏃舵櫞	鎭㈠5鐐瑰ⅷ鎰忋€傛瘡绉掑鐩爣鍙婄洰鏍囬檮杩戠殑鏈€澶?涓洰鏍囬€犳垚<SUB 6233 0>娣峰厓鍐呭姛浼ゅ锛屾寔缁?绉掋€傚畬鏁磋繍鍔熷悗瀵逛富鐩爣閫犳垚涓€娈电牬鎷涗激瀹炽€?TALENT 5767 1 鍛戒腑鏈夎嚜韬贩鍏冩寔缁激瀹虫晥鏋滅殑鐩爣锛屾瘡涓寔缁激瀹虫晥鏋滀娇鈥滃揩闆椂鏅粹€濅細蹇冨嚑鐜囨彁楂?%锛屼細蹇冩晥鏋滄彁楂?%><TALENT 6681 1 浼氬績鍚庡埛鏂扮洰鏍囪韩涓婄殑鎵€鏈夋贩鍏冩寔缁激瀹?<TALENT 5753 1 浼氬績鍑犵巼鎻愰珮10%锛屼細蹇冩晥鏋滄彁楂?0%><TALENT 576
28649 37781	1	22814	1	1	0	0	0	1		(37781) 鎶熼浠?鎶熼浠?鎸佺画杩愬姛1.5绉掑苟绔嬪嵆鍦ㄧ洰鏍囦綅缃敓鎴愬崐寰?5灏虹殑鐙傞锛屽皢鑼冨洿鍐呰嚜韬€滈椋庘€濆強鑷冲6鍚嶆晫瀵圭洰鏍囨媺鎵嚦涓績浣嶇疆銆傚懡涓晫瀵圭洰鏍囧悗瀵瑰叾閫犳垚<SUB 38447 0>娣峰厓鍐呭姛浼ゅ骞跺湪鎷夋壇缁撴潫鍚庢牴鎹媺鎵窛绂诲皢鍏跺惞椋?-5绉掞紙鍚归鏁堟灉瑙嗕负鍑诲€掞級锛屽懡涓嚜韬€滈椋庘€濆悗灏嗗叾寮哄寲涓衡€滄í椹遍闈♀€濓紝瀵?2灏哄唴鏈€澶?0涓晫浜烘寔缁€犳垚浼ゅ锛屾寔缁?绉掋€傝繍鍔熸湡闂翠笉鍙Щ鍔紝鍏嶇柅浼ゅ銆佹帶鍒躲€佹墦鏂晥鏋滐紝瀹屾暣杩愬姛鍚庡椋庣溂6灏哄唴鐨勭洰鏍囬€犳垚涓€娆?SUB 38453 0>鈥滄姛椋?
28667 37809	1	22811	1	1	0	0	0	1		(37809) 闆炬捣钀︾┖	闆炬捣钀︾┖	鍦ㄧ洰鏍囩偣鍖哄煙鐢熸垚10灏鸿寖鍥寸殑鈥滈浘娴疯惁绌衡€濓紝鎸佺画6绉掋€傗€滈浘娴疯惁绌衡€濅細姣忕涓哄叾涓嚦澶?0鍚嶆晫瀵逛緺澹洰鏍囨坊鍔?NounID 77>銆俓n鎷涘紡鏂藉睍鏈熼棿鍏嶇柅鎺у埗銆?TALENT 38499 1 鑷韩鈥滈浘娴疯惁绌衡€濊寖鍥村唴鐨勬晫瀵圭帺瀹剁洰鏍囨瘡绉掕幏寰?绉掆€滈儊娼嗏€濇晥鏋滐細鍩虹鏀诲嚮鍔涘拰娌荤枟閲忛檷浣?0%锛岃嚦澶?灞?<TALENT 38492 1 鈥滈浘娓衡€濇寔缁椂闂存彁楂?绉掞紝鐩爣姣忔鏂藉睍鎷涘紡鏃舵秷闄?灞傗€滈浘娓衡€?<TALENT 38473 1 鍋滃矚><TALEN
28787 38012	1	22808	1	1	0	0	0	1		(38012) 闆噸鑺辨弧	闆噸鑺辨弧	瑙ｉ櫎鑷韩鎺у埗锛岃幏寰?BUFF 28968 1 time>鈥滈洩婊♀€濓細<BUFF 28968 1 desc>銆?TALENT 38493 1 闆堕湶><TALENT 38466 1 鐮寸┐鍙屾帹><TALENT 38497 1 鍙柦灞曚簩娈?		娈电画灏戞椂锛屾浘浜庤媿灞辨紨姝︼紝韪忔閫嶉仴锛屽郊鏃堕洩钀芥灟鏋濓紝鐘逛技鑺辨弧锛岄亗寰楁鎷涖€?	瑙ｆ帶鎶€锛岃В闄よ嚜韬帶鍒跺苟涓斾竴娈垫椂闂村唴鍏嶇柅鎺у埗鏁堟灉銆?1	1			1				0	瑙ｆ帶鎶€锛岃В闄よ嚜韬帶鍒跺苟涓斾竴娈垫椂闂村唴鍏嶇柅鎺у埗鏁堟灉銆?
29121 38530	1	18361	1	1	0	0	0	1		(38530) 鍓戠函琚姩	娣冲拰鏈垎	鎷ユ湁鑷韩澧炵泭姘斿満姘斿姴鏃舵瘡绉掕幏寰?鐐光€滅巹搴斾箣姘斺€濓紝鑻ュ瓨鍦?0鐐光€滅巹搴斾箣姘斺€濆垯鍙柦灞曗€滀汉鍓戝悎涓€鈥濊繘鍏モ€?NounID 87>鈥濈姸鎬併€傛晫浜鸿韩澶勮嚜韬€滅敓澶瀬鈥濇皵鍦鸿寖鍥村唴姣?2绉掑皢鑾峰緱鈥滃彔鍒冣€濇晥鏋滐紝浠ゅ叾姣?绉掑彈鍒颁竴娆″鍔熶激瀹筹紝鎸佺画24绉掞紝鏈€澶氬彔鍔?灞傘€?TALENT 38539 1 鈥滅巹搴斾箣姘斺€濅笂闄愭彁楂?0鐐癸紝鈥滀汉鍓戝悎涓€鈥濈姸鎬侊紝鐘舵€佷笅鑷韩鍏嶇柅鎺у埗锛堣鎺ㄨ鎷夐櫎澶栵級><TALENT 38540 1 鈥滅巹搴斾箣姘斺€濊揪鍒颁笂闄愭椂浼氳嚜鍔ㄨ繘鍏モ€滀汉鍓戝悎涓€
29128 38539	1	13386	1	1	0	0	0	1		(38539) 浜哄墤鍚堜竴鐘舵€佸厤鎺?鏃犲挨	鈥滀汉鍓戝悎涓€鈥濇晥鏋滆寖鍥存彁楂?灏猴紝<NounID 87>鐘舵€佷笅鑷韩鍏嶇柅鎺у埗锛堣鎺ㄨ鎷夐櫎澶栵級锛屸€滀汉鍓戝悎涓€鈥濈姸鎬佷笅鑷韩鑾峰緱鎵€鏈夆€濅簯涓墤鈥滄晥鏋滐紝鎸佺画鑷崇粨鏉熴€?				1	1			1				0				5	0	
29171 38580	1	13871	1	1	0	0	0	1		(38580) 榛勬硥鍏激(鏃犱綅缃増)	濂囬棬椋炲	鍙湪杩愬姛涓柦灞曪紝鍑濊仛1涓?NounID 92>鏀剧疆浜庤嚜韬韩鍚?灏猴紝鎸佺画90绉掞紝<NounID 92>绂诲紑鑷韩40灏烘垨鑷韩閲嶄激鏃跺皢琚己鍒舵敹鍥炪€?TALENT 34680 1 姣忓瓨鍦ㄤ竴涓€滅伅榄傗€濊嚜韬棤鍙岀瓑绾ф彁楂?%><TALENT 25138 1 鈥滀笁鏄熶复鈥濃€滃叺涓婚€嗏€濃€滃ぉ鏂楁棆鈥濅激瀹虫嫑寮忓懡涓€滃眬鈥濊寖鍥村唴鐨勭帺瀹剁洰鏍囨椂锛岃嚜韬澶栧洖澶嶇殑鏄熻繍鍊兼彁楂?00%><TALENT 25028 1 褰㈡垚鐨勨€滃眬鈥濇寔缁椂闂存彁楂?0绉掞紝鑷韩澶勪簬
29191 38624	1	11895	1	1	0	0	0	1		(38624) 铔涚帇涔嬭Е	铔涚帇涔嬭Е	鍦ㄨ嚜韬綅缃垱寤鸿泭铏洓鐜嬶紝灏嗙洰鏍囨媺鍚戣洓鐜嬪苟鍚愬嚭铔涗笣閾炬帴鐩爣锛屾寔缁?5绉掞紝鏈熼棿鐩爣绉婚€熼檷浣?0%銆傝洓鐜嬪厤鐤帶鍒讹紝鎵€鏈変汉鍧囧彲鏀诲嚮锛屽彈鍒颁激瀹崇殑30%浼氫紶閫掔粰鐩爣銆傝洓鐜嬬户鎵跨洰鏍囩瓑绾с€侀槻寰°€佸尽鍔层€佸寲鍔插睘鎬у拰75锛呯殑鏈€澶х敓鍛藉€硷紝鍦ㄨ閲忔竻绌哄悗娑堝け銆?	铔涚帇娴庣墿锛岀粨缃戠寧鏉€銆?	杈呭姪鎶€锛岃洓鐜嬭兘澶熸嫋鎷界壍鍒舵晫鏂圭洰鏍囥€?1	1			1	1			0	杈呭姪鎶€锛屽彫鍞よ洓鐜嬫嫋鎷界壍鍒剁洰鏍囥€?		5	0	
29246 38692	1	23467	1	1	0	0	0	1		(38692) 椴查箯閫愮┖	椴查箯閫愮┖	闈炴拺浼炵姸鎬佸彲浣跨敤锛屽悜鍓嶆寔缁琛屾渶澶?绉掞紝鏈熼棿鍏嶇柅鎺у埗涓旇幏寰?0%姘旇鎶ょ浘锛屾姢鐩惧瓨鍦ㄦ湡闂存瘡绉掑洖澶?%鏈€澶ф皵琛€鍊笺€傚啀娆℃柦灞曞彲鑾峰緱4绉?0%姘旇鎶ょ浘骞剁粨鏉熼琛岀姸鎬佽惤鍦颁笅鐮革紝閫犳垚鑼冨洿浼ゅ鍑婚€€闄勮繎鐩爣銆傛瘡鎻愬墠缁撴潫1绉掞紝浼ゅ闄嶄綆15%銆?	涔橀鑰岃捣锛屽織杩滀簯闇勩€?	杈呭姪鎶€锛岃繀閫熻劚绂绘垬鍦恒€?1	1			1	1			0	杈呭姪鎶€锛岃繀閫熻劚绂绘垬鍦恒€?		5	0	
29366 38881	1	3288	1	1	0	0	0	1		(38881) 姣掑埞鎻忚堪鎶€鑳?姣掑埞	灏嗗崈鏈哄彉杞崲涓烘瘨鍒规満鍏筹紝8绉掑唴姣忕瀵?0灏哄唴鑷冲4涓晫鏂圭洰鏍囬€犳垚<SUB 3367 0>姣掓€у唴鍔熶激瀹筹紙鍚屾椂鍛戒腑澶氬悕渚犲＋鐩爣鏃朵激瀹抽€掑噺鑷冲50%锛夈€傛瘨鍒规満鍏充笉鍙啀杞崲涓哄叾浠栧舰鎬併€?			鏀诲嚮鎶€锛屾彁楂樿嚜韬寖鍥翠激瀹宠兘鍔涖€?1	1			1				0				5	0	
29769 39451	1	22814	1	1	0	0	0	1		(39451) 娈垫爲_鎶熼浠?鎶熼浠?娑堣€?5鐐瑰＋姘斿€笺€傚湪鐩爣浣嶇疆鐢熸垚鎸佺画2绉掞紝鍗婂緞15灏虹殑鐙傞锛岀珛鍗冲鑼冨洿鐨?鍚嶆晫鏂圭洰鏍囬€犳垚浼ゅ骞跺湪涔嬪悗鐨勬瘡鍗婄閫犳垚涓€娆′激瀹炽€傚悓鏃朵娇鑷韩鍛ㄥ洿15灏鸿寖鍥村唴鐨勫叏閮ㄩ棬瀹㈠拰鐜╁鑾峰緱鈥滈洩閲嶈姳婊♀€濇晥鏋滐細鍏嶇柅鎺у埗鏁堟灉锛屾寔缁?绉掋€?				1	1			1				0				5	0	
30228 40130	1	24408	1	1	0	0	0	1		(40130) 涓冪_鑰愬路浜戣３	绌挎灊	鈥滆澏寮勮冻鈥濆厖鑳芥椂闂撮檷浣?0绉掞紝鍏嶇柅鎺у埗鏁堟灉鏃堕棿棰濆澧炲姞2绉掞紝鍏嶆帶鏈熼棿鍙縺娲讳簩娈垫嫑寮忥細鍚戝墠鐤惧30灏猴紝鍥炲鑷韩10%姘旇锛屼娇璺緞涓婄殑10涓弸鏂圭洰鏍囬檮甯︹€滅繑鑸炩€濇晥鏋溿€?				1	1			1										
30336 40276	1	18300	1	1	0	0	0	1		(40276) 鍞愰棬_澶╃綏_鍗冩満寮╂疆	鍗冩満鎬掓疆	鈥滆繛寮┾€濇椂鏂藉睍鈥滈鏂х宸モ€濆彲浠ョ璧封€滃崈鏈哄彉鈥濓紝杩涘叆15绉掆€滃崈鏈烘€掓疆鈥濈姸鎬侊細鎸夊帇鈥滃崈鏈哄彉鈥濆彲娑堣€楃鏈哄€间娇鈥滃崈鏈哄缉鈥濇寔缁€犳垚浼ゅ锛岀鏈哄€艰秺楂樹激瀹宠秺楂樸€傛湡闂村厤鐤帶鍒讹紝鏃犳硶鏂藉睍鍏朵粬鎷涘紡銆?				1	1			1				0				5	0	
30348 40291	1	22371	1	1	0	0	0	1		(40291) 钃勫姏鍓懧疯	鍓懧疯	闀挎寜<NounID 183>锛屾湡闂村厤鐤帶鍒讹紝鍙楀埌鐨勪激瀹抽檷浣?0%锛屽彲浠ョ紦鎱㈢Щ鍔紝鏈€澶氬彲钃勫姏3绉掋€傝搫鍔?绉掍互鍐呮柦灞曟椂锛岀珛鍒绘柀鍑诲墠鏂?灏虹煩褰㈣寖鍥村唴鑷冲4涓晫瀵圭洰鏍囷紱钃勫姏1绉掍互涓婃柦灞曟椂鍚戝綋鍓嶆柟鍚戝啿鍒猴紝骞舵柀鍑昏矾寰勪笂鐭╁舰鑼冨洿鍐呰嚦澶?涓晫瀵圭洰鏍囥€傞殢钃勫姏鏃堕棿澧炲姞鍐插埡璺濈锛岄€犳垚澧炲姞鐨?SUB 40293 1>~<SUB 40293 3>闃存€у唴鍔熶激瀹冲拰瀹氳韩鏁堟灉銆傝搫鍔?绉掍互鍐呮椂瀹氳韩2绉掞紝钃勫姏1-2绉掓椂鍐插埡16灏哄畾韬?.5绉掞紝钃勫姏2绉掍互涓婃椂鍐插埡24
30367 40325	1	24441	1	1	0	0	0	1		(40325) 楦剧窘	楦剧窘	鈥滈潚闇勯缇解€濇浛鎹负鈥滈楦惧姩缇解€濓紝涓嶅啀闇€瑕佽繍鍔燂紝鍐插埡鑷?5灏哄唴鐩爣鐐逛綅缃縺璧烽渿鑽★紝瀵?灏哄唴鑷冲5涓晫瀵圭洰鏍囬€犳垚<SUB 40334 1>闃存€у唴鍔熶激瀹筹紝骞堕攣瓒?绉掞紝鍦ㄥ懡涓彈鑷韩鈥滈煶鍩熲€濆奖鍝嶇殑鐩爣鏃舵敼涓虹湬鏅曘€傞潪<NounID 60>涓嬫柦灞曟椂锛屼娇鑷韩杩涘叆<NounID 60>銆傛柦灞曞悗浣胯嚜韬厤鐤帶鍒躲€佹墦鏂€佺即姊板拰鏃犳硶杩愬姛鏁堟灉锛屽彈鍒扮殑浼ゅ闄嶄綆40%锛屾寔缁?绉掞紝璇ユ晥鏋滃湪閫€鍑篬鎸佸墤濮挎€乚鍚庢彁鍓嶇粨鏉熴€?0绉掕皟鎭椂闂淬€?				1	1			1				0	
30368 40326	1	24441	1	1	0	0	0	1		(40326) 椋為妇鍔ㄧ窘鍘熸妧鑳?椋為妇鍔ㄧ窘	鍐插埡鑷?5灏哄唴鐩爣鐐逛綅缃縺璧烽渿鑽★紝瀵?灏哄唴鑷冲5涓晫瀵圭洰鏍囬€犳垚<SUB 40334 1>闃存€у唴鍔熶激瀹筹紝骞堕攣瓒?绉掞紝鍦ㄥ懡涓彈鑷韩鈥滈煶鍩熲€濆奖鍝嶇殑鐩爣鏃舵敼涓虹湬鏅曘€傞潪<NounID 60>涓嬫柦灞曟椂锛屼娇鑷韩杩涘叆<NounID 60>銆傛柦灞曞悗浣胯嚜韬厤鐤帶鍒躲€佹墦鏂€佺即姊板拰鏃犳硶杩愬姛鏁堟灉锛屽彈鍒扮殑浼ゅ闄嶄綆40%锛屾寔缁?绉掞紝璇ユ晥鏋滃湪閫€鍑?NounID 60>鍚庢彁鍓嶇粨鏉熴€?TALENT 14871 1 缁濆鸡><TALENT 41797 1 鐓ч洩
30918 41116	1	24893	1	1	0	0	0	1		(41116) 钀界绨?钀界绨?鏂藉睍鏈嫑寮忔搷鎺т级褰憋紝鏈€澶?0绉掋€傛搷鎺ф椂锛屼级褰辨柦灞曟嫑寮忎激瀹崇郴鏁版彁楂?20%锛屾湰浣撴姉鎽旂郴鏁板鍔狅紝鍏嶇柅鎺у埗骞惰幏寰?0%鐨勫噺浼ゃ€俓n鏈熼棿<NounID 102>璺濈鎻愰珮鑷?0灏猴紝鈥滃嬀绾库€濇瘡璺充細杞悜鐩爣銆俓n缁撴潫鎿嶆帶鏃惰嫢浼跺奖姝ｅ湪杩愬姛鈥滃洓杈归潤鈥濃€滅敓鍦扮嫳鈥濓紝鍒欎激瀹冲姞鎴愪細淇濈暀鑷虫嫑寮忔柦灞曞畬姣曘€?TALENT 42113 1 ><TALENT 42114 1 ><TALENT 42118 1 ><TALENT 42149 1 ><TALENT 421
31013 41236	1	2036	1	1	0	0	0	1		(41236) 濂囧瀵诲疂閫氱敤鎷涘紡_鍑€鍏?鍑€鍏?瑙ｉ櫎鑷韩鎺у埗锛屽苟3绉掑唴鍏嶇柅鎺у埗鏁堟灉					1	1			1				0				5	0	
31074 41343	1	24868	1	1	0	0	0	1		(41343) 娓镐笣鏋曟湀	娓镐笣鏋曟湀	瑙ｉ櫎鎺у埗锛屼娇鑷韩8绉掑唴鍏嶇柅鎺у埗骞惰幏寰?0%姘旇鏈€澶у€肩殑鎶ょ浘銆俓n鍙柦灞曚簩娈垫嫑寮忚穬璧凤紝灏嗚嚜韬敤涓濈嚎鎮寕鍦ㄧ┖涓?绉掞紝骞跺欢闀垮厤鎺ф椂闂?绉掋€傝穬璧峰強鎮寕鏈熼棿鍙楀埌浼ゅ闄嶄綆40%锛屽彲鏂藉睍鈥滃個鍎¤皟鈥濆璺嫑寮忋€?TALENT 42132 1 >		鎮笣鑽℃湀锛屽鏋曚簯绔€?	瑙ｆ帶鎶€锛岃В闄よ嚜韬帶鍒躲€?1	1			1				0				5	0	
31274 41618	1	3400	1	1	0	0	0	1		(41618) 濂囧瀵诲疂閫氱敤鎷涘紡_璐皵	璐皵	6绉掑唴鍏嶇柅鎺у埗鏁堟灉					1	1			1				0				5	0	
31636 42118	1	25036	1	1	0	0	0	1		(42118) 钀界绨挎湡闂村厤灏佸唴	姝囨媿	鈥滆惤绗肩翱鈥濇湡闂达紝鑷韩鍏嶇柅灏佸唴銆佹墦鏂€佺即姊般€佹矇榛橈紱缁撴潫鎺у埗鍚庯紝璇ユ晥鏋滃湪2绉掑悗娑堝け銆?				1	1			1				0				5	0	
31872 42428	1	25373	1	1	0	0	0	1		(42428) 鍥涢潰妤氭瓕	鍥涢潰妤氭瓕	鍘熷湴浠ュ唴鍔涘嚌鑱氬垁褰憋紝浠ュ垁姘旈鍩熺缃╂晫浜猴紝灏嗗綋鍓嶇洰鏍囬攣瓒冲苟浣垮叾鏃犳硶鏂藉睍杞诲姛锛屽垁褰变細灏嗗綋鍓嶇洰鏍囧嚮椋烇紝骞朵笉鏂鍖哄煙鍐呮墍鏈夌洰鏍囬€犳垚鍍电洿鎺у埗锛堟渶澶?涓洰鏍囷級锛屽垁褰变笉鏂姞閫熷啿鍒鸿繘琛?娆℃墦鍑伙紝閫犳垚澶栧姛浼ゅ锛屾渶鍚庣敱绌轰腑缁堢粨锛屽啿鍚戠洰鏍囬€犳垚3绉掑嚮鍊掋€傚鏁屽鐜╁鏂藉睍鏃朵娇鑷韩鏃犳硶閫変腑锛屽厤鐤墍鏈夎礋闈㈡晥鏋溿€?	鍥涙柟姝岃捣锛屽崄闈㈣浼忋€?	鎺у埗鎶€锛屽鐩爣閫犳垚鎸佺画鎺у埗銆?0	1			1					鎺у埗鎶€锛屽鐩爣閫犳垚鎸佺画鎺у埗銆?		5	0	
32069 42683	1	13864	1	1	0	0	0	1		(42683) 琛宊榄傜伅	韪忔槦琛?闂ㄦ淳杞诲姛锛岃В闄よ嚜韬噺閫熴€侀攣瓒虫晥鏋滐紝涔橀獞榄傜伅鍚戝墠椋炶锛岄棯閬垮嚑鐜囨彁楂?5%锛岀Щ鍔ㄩ€熷害鎻愰珮30%锛屾湡闂村厤鐤帶鍒讹紝鏃犳硶鏂藉睍鎷涘紡锛屾柦灞曡烦璺冨彲浣垮叾鎮仠锛屾寔缁?绉掋€傛柦灞曟椂鍑婚€€6灏哄唴鑷冲3涓晫瀵逛緺澹洰鏍?灏猴紝姣忕瀵?灏哄唴鑷冲3涓晫瀵圭洰鏍囨坊鍔犫€滅鐢甭风伀绂烩€濇晥鏋滐紝鍛戒腑甯︽湁鑷韩鈥滅鐢甭风伀绂烩€濇晥鏋滅殑鐩爣鏃讹紝閫犳垚涓€娆♀€滅鐢甭风伀绂烩€濅激瀹炽€?TALENT 24951 1 琚懡涓嚑鐜囬檷浣庤嚦80%锛屾寔缁椂闂存彁楂?绉掞紝鍥炲90鐐规槦杩愬€?<TALENT 42511 
33047 44061	0	16873	1	1	0	0	0	1		(44061) 鏂楁皵鍏嶆帶	閫氱巹路寰″娍	娑堣€?SKILL PhysicsDamage>鐐瑰唴鍔诧紝浣胯嚜韬幏寰?绉掑厤鐤帶鍒舵晥鏋溿€?	閫氱巹鍏ュ井锛屽姴鍙戣嚜鐒躲€傞€嶉仴澶╁湴澶栥€傦紙褰撳墠鍥炬爣涓轰复鏃跺浘绱狅級		鍐呭姴杈呭姪鎷涘紡锛岀煭鏃堕棿浣胯嚜韬笉鍙楁帶鍒讹紝缂轰箯鎺у埗瑙ｉ櫎鎵嬫鏃舵柦灞曟渶浣炽€?1	1			1	1			0	鍐呭姴杈呭姪鎷涘紡锛岀煭鏃堕棿浣胯嚜韬笉鍙楁帶鍒讹紝缂轰箯鎺у埗瑙ｉ櫎鎵嬫鏃舵柦灞曟渶浣炽€?		5	0	
33312 44412	1	27144	1	1	0	0	0	1		(44412) 姣掔粡_涔橀闄嶅巹鍏嶆帶铚胯	铚胯	鈥滈檷鍘勨€濊皟鎭椂闂存彁楂?绉掞紝鏈熼棿鍏嶇柅鎺у埗鏁堟灉锛堟帹鎷夐櫎澶栵級锛岀Щ鍔ㄩ€熷害鎻愰珮30%銆?TALENT_CORE 42174 1>					1	1			1				0				5	0	
33362 44473	0	624	1	1	0	0	0	1		(44473) 閿佸ご鍏悎	鍏悎鐙皧	杩愬姛1.5绉掍箣鍚庯紝灏嗏€滃叓鏂瑰墤鍩熲€濋檮鐫€浜庢晫浜鸿韩涓婏紝鍖哄煙鍐呮渶澶?涓洰鏍囨瘡0.6绉掑彈鍒?SUB 18670 31>娣峰厓鎬у唴鍔熶激瀹筹紝骞堕檷浣?0%绉诲姩閫熷害锛屸€滃叓鏂瑰墤鍩熲€濇寔缁?绉掞紝鍚屾椂鍛戒腑澶氫釜鐜╁鏃跺垯浼ゅ閫掑噺锛屾渶澶氶€掑噺50%銆?TALENT 5819 1 ><TALENT 36099 1 >		鍏悎闇告皵锛岀旱妯嵀闃栥€?	鏀诲嚮鎶€锛屽湪鐩爣鍖哄煙鎸佺画鏀诲嚮鏁屼汉銆?1	1			1				0	鏀诲嚮鎶€锛屽舰鎴愬墤鍩燂紝鎸佺画鏀诲嚮骞跺噺閫熷墤鍩熷唴鐨勬晫瀵圭洰鏍囥€?		5	0	0
33444 44572	1	16877	1	1	0	0	0	1		(44572) 鏄庢暀_鍐呭姴_璐瓟浣撳弽鍑?鍑€鐏剼鎰?娑堣€?00鐐瑰唴鍔插€硷紝浣胯嚜韬?BUFF 32033 1 time>鍐?BUFF 32033 1 desc>銆?	鏁涙伅缁濆康鎵夸竾缃紝鍑€鐏复涓栫牬涓氭剢銆?	杈呭姪鎶€锛屾秷鑰楀唴鍔蹭互澧炲己涓嬩竴涓€滆椽榄斾綋鈥濓紝骞跺湪鎴愬姛鍏嶇柅鎺у埗鏁堟灉鍚庡弽鍑汇€?1	1			1	1			0	杈呭姪鎶€锛屾秷鑰楀唴鍔蹭互澧炲己涓嬩竴涓€滆椽榄斾綋鈥濓紝骞跺湪鎴愬姛鍏嶇柅鎺у埗鏁堟灉鍚庡弽鍑汇€?		5	0	
33471 44599	1	14130	1	1	0	0	0	1		(44599) 鐮村啗绐侀樀	鍔涙捈娌冲北	鍙兘鍦ㄩ┈涓嬫柦灞曪紝钃勫姏鍒哄嚭闀挎灙锛岃搫鍔涙湡闂磋嚜韬厤鐤帶鍒讹紝绉诲姩閫熷害闄嶄綆50%锛屾渶澶氳搫鍔?.5绉掞紝瀵归潰鍓?2灏烘渶澶?涓洰鏍囬€犳垚<SUB 24843 3>鐐瑰鍔熶激瀹冲苟浣胯嚜韬棤鍙岀瓑绾ф彁楂?0%锛屾寔缁?0绉掞紝钃勫姏鏃堕棿瓒婇暱锛屼激瀹宠秺楂橈紝瀵规皵琛€鍊间綆浜?0%鐨勭洰鏍囪鎷涘紡浼氬績鐜囨彁楂?00%銆?	涓囬挧涔嬪姏锛屼竴鏋捈宀炽€?	鏀诲嚮鎶€锛岃搫鍔涘埡鍑洪暱鏋嚮閫€鐩爣銆?1	1			1	1			0	鏀诲嚮鎶€锛岃搫鍔涘埡鍑洪暱鏋嚮閫€鐩爣銆?				
33966 64302	1	18425	1	1	0	0	0	1		(64302) 鍏崚琛￠壌_澶╃瓥_2娈垫瘝鎶€鑳?濂旈浄	鈥滄ⅷ鑺扁€濇晥鏋?灞傛椂鍙互鏂藉睍锛岃繍鍔?.75绉掑悗杩涘叆2.5绉掔殑楠戝尽鐘舵€侊紝鏈熼棿鍏嶇柅鎺у埗骞朵娇鏈熼棿鍙楀埌鐨勪激瀹抽檷浣?0锛咃紝姣?.5绉掑鍛ㄥ洿8灏烘渶澶?0涓殑鐩爣鎾炲嚮閫犳垚浼ゅ鍜岃交寰殑鍑婚€€鏁堟灉锛岀姸鎬佺粨鏉熸椂瀵瑰懆鍥?灏烘渶澶?0涓洰鏍囬€犳垚澶氭韪╄笍浼ゅ鍜屽嚮椋炪€?				1	1			1				0						
34166 64411	1	18538	1	1	0	0	0	1		(64411) 鎸佹姢	鎸佹姢	3绉掑唴鏈彈鍒拌繃浼ゅ浼氳幏寰?5%鏈€澶ф皵琛€鍊肩殑鎶ょ浘鏁堟灉锛屾姢鐩炬湡闂村厤鐤帶鍒舵晥鏋滐紝鎶ょ浘鍦ㄥ彈鍒颁激瀹崇殑2绉掑悗娑堝け骞跺鍛ㄥ洿10灏洪€犳垚鐖嗙偢浼ゅ銆?				1	1			1				0						
34167 64411	2	18538	1	1	0	0	0	1		(64411) 鎸佹姢	鎸佹姢	3绉掑唴鏈彈鍒拌繃浼ゅ浼氳幏寰?0%鏈€澶ф皵琛€鍊肩殑鎶ょ浘鏁堟灉锛屾姢鐩炬湡闂村厤鐤帶鍒舵晥鏋滐紝鎶ょ浘鍦ㄥ彈鍒颁激瀹崇殑2绉掑悗娑堝け骞跺鍛ㄥ洿10灏洪€犳垚鐖嗙偢浼ゅ銆?				1	1			1				0						
34168 64411	3	18538	1	1	0	0	0	1		(64411) 鎸佹姢	鎸佹姢	3绉掑唴鏈彈鍒拌繃浼ゅ浼氳幏寰?0%鏈€澶ф皵琛€鍊肩殑鎶ょ浘鏁堟灉锛屾姢鐩炬湡闂村厤鐤帶鍒舵晥鏋滐紝鎶ょ浘鍦ㄥ彈鍒颁激瀹崇殑2绉掑悗娑堝け骞跺鍛ㄥ洿10灏洪€犳垚鐖嗙偢浼ゅ銆?				1	1			1				0						
34169 64411	4	18538	1	1	0	0	0	1		(64411) 鎸佹姢	鎸佹姢	3绉掑唴鏈彈鍒拌繃浼ゅ浼氳幏寰?0%鏈€澶ф皵琛€鍊肩殑鎶ょ浘鏁堟灉锛屾姢鐩炬湡闂村厤鐤帶鍒舵晥鏋滐紝鎶ょ浘鍦ㄥ彈鍒颁激瀹崇殑2绉掑悗娑堝け骞跺鍛ㄥ洿10灏洪€犳垚鐖嗙偢浼ゅ銆?				1	1			1				0						
34170 64411	5	18538	1	1	0	0	0	1		(64411) 鎸佹姢	鎸佹姢	3绉掑唴鏈彈鍒拌繃浼ゅ浼氳幏寰?00%鏈€澶ф皵琛€鍊肩殑鎶ょ浘鏁堟灉锛屾姢鐩炬湡闂村厤鐤帶鍒舵晥鏋滐紝鎶ょ浘鍦ㄥ彈鍒颁激瀹崇殑2绉掑悗娑堝け骞跺鍛ㄥ洿10灏洪€犳垚鐖嗙偢浼ゅ銆?				1	1			1				0						
34176 64413	1	18561	1	1	0	0	0	1		(64413) 娲炲交	娲炲交	鏂藉睍缁濇妧杩旇繕5绉掕皟鎭椂闂达紝鑷韩鑾峰緱1.7%鏈€澶х敓鍛藉€肩殑鎶ょ浘锛屾寔缁?0绉掞紝鎶ょ浘鏈熼棿鍏嶇柅鎺у埗鏁堟灉銆?				1	1			1				0						
34177 64413	2	18561	1	1	0	0	0	1		(64413) 娲炲交	娲炲交	鏂藉睍缁濇妧杩旇繕11绉掕皟鎭椂闂达紝鑷韩鑾峰緱3.4%鏈€澶х敓鍛藉€肩殑鎶ょ浘锛屾寔缁?0绉掞紝鎶ょ浘鏈熼棿鍏嶇柅鎺у埗鏁堟灉銆?				1	1			1				0						
34178 64413	3	18561	1	1	0	0	0	1		(64413) 娲炲交	娲炲交	鏂藉睍缁濇妧杩旇繕18绉掕皟鎭椂闂达紝鑷韩鑾峰緱5.7%鏈€澶х敓鍛藉€肩殑鎶ょ浘锛屾寔缁?0绉掞紝鎶ょ浘鏈熼棿鍏嶇柅鎺у埗鏁堟灉銆?				1	1			1				0						
34179 64413	4	18561	1	1	0	0	0	1		(64413) 娲炲交	娲炲交	鏂藉睍缁濇妧杩旇繕25绉掕皟鎭椂闂达紝鑷韩鑾峰緱8%鏈€澶х敓鍛藉€肩殑鎶ょ浘锛屾寔缁?0绉掞紝鎶ょ浘鏈熼棿鍏嶇柅鎺у埗鏁堟灉銆?				1	1			1				0						
34180 64413	5	18561	1	1	0	0	0	1		(64413) 娲炲交	娲炲交	鏂藉睍缁濇妧杩旇繕36绉掕皟鎭椂闂达紝鑷韩鑾峰緱11.4%鏈€澶х敓鍛藉€肩殑鎶ょ浘锛屾寔缁?0绉掞紝鎶ょ浘鏈熼棿鍏嶇柅鎺у埗鏁堟灉銆?				1	1			1				0						
34485 65125	1	642	1	1	0	0	0	1		(65125) 缁濆路鏂瓊鍒?缁濆路鏂瓊鍒?8绉掑唴鍙娆℃柦灞曪紝绛栭┈鐚涘啿鐩爣锛岃嚜韬厤鐤?绉掓帶鍒舵晥鏋?琚帹琚媺闄ゅ)锛岄€犳垚100%鐨勬鍣ㄤ激瀹冲鍔?SUB 65126 1>澶栧姛浼ゅ锛屽皢鍏跺嚮鏅?绉掑苟閫犳垚<BUFF 540 1 name>鏁堟灉銆傞獞椹椂鏂瑰彲鏂藉睍姝ゆ嫑寮忋€?				1	1			0				0	浣嶇Щ锛屾帶鍒?				
34492 65142	1	1448	1	1	0	0	0	1		(65142) 缁濆_鐢熷お鏋?缁濆路鐢熷お鏋?鍦ㄨ嚜韬剼涓嬩骇鐢熶竴涓?0灏鸿寖鍥存皵鍦猴紝鍦ㄦ皵鍦鸿寖鍥村唴鑷韩鍜屽弸鏂圭洰鏍囧皢鍏嶇柅鎺у埗(琚帹琚媺闄ゅ)锛屾皵鍦烘寔缁?0绉掋€?				1	1			0				0	鍏嶆帶					
34507 65162	1	2762	1	1	0	0	0	1		(65162) 缁濆_铔婅櫕鐚キ	缁濆路铔婅櫕鐚キ	琛€閲忛珮浜?5%鏂瑰彲鏂藉睍锛屾秷鑰楄嚜韬?0%姘旇鍊硷紝鑾峰緱50%姘旇鏈€澶у€兼姢鐩撅紝骞跺湪10绉掑唴鎭㈠30%姘旇鍊硷紝璇ユ嫑寮忓彲浠ュ湪琚帶鍒舵椂鏂藉睍銆傜尞绁皢瑙ｉ櫎鑷韩鎺у埗鏁堟灉锛屽苟浣胯嚜韬厤鐤帶鍒讹紙鍑婚€€鍜岃鎷夐櫎澶栵級鎸佺画5绉掋€?				1	1			1				0	瑙ｆ帶锛岄槻寰★紝鎭㈠					
34511 65167	1	1453	1	1	0	0	0	1		(65167) 缁濆_闀囧北娌?缁濆路闀囧北娌?浜х敓涓€涓?0灏虹殑姘斿満锛岃寖鍥村唴闃熷弸<BUFF 377 1 desc>锛屽苟瑙ｉ櫎澶栧姛銆侀槾鎬с€佹贩鍏冩€с€侀槼鎬с€佹瘨鎬у拰鐐圭┐鐨勪笉鍒╂晥鏋滐紝鎸佺画<BUFF 620 1 time>銆傝鎷涘紡鐨勬柦鏀炬棤瑙嗕换浣曟帶鍒舵晥鏋溿€?				1	1			1				0	鍏嶇柅浼ゅ					
34533 65672	1	4583	1	1	0	0	0	1		(65672) 缁濆_绗戦唹鐙?缁濆路绗戦唹鐙?瑙ｉ櫎鑷韩鎺у埗鏁堟灉锛屾寔缁繍鍔?绉掞紝鎸佺画鏈熼棿鍙楀埌鐨勪激瀹抽檷浣?0%涓斿厤鐤帶鍒舵晥鏋滐紝姣?绉掑洖澶嶆渶澶ф皵琛€鍊?%锛屽畬鏁磋繍鍔熼澶栧洖澶?0%鏈€澶ф皵琛€鍊笺€?				1	1			1				0	鎭㈠					
