374	1	1448	0	0	1	(374)(1)鐢熷お鏋乢涓嶅彈鎺у埗	鐢熷お鏋?鑷韩鍏嶇柅鎺у埗(鍑婚€€鍜岃鎷夐櫎澶?	1								

1903	1	2369	1	1	1	(1903)(1)钘忓墤_鍟告棩_鍏嶇柅鎺у埗	鍟告棩	涓嶅彈鎷涘紡鎺у埗	1								

2781	0	1452	1	1	1	(2781)(0)杞咕鍧ゅ厤鎺?杞咕鍧?涓嶅彈鎷涘紡鎺у埗锛屽彲浠ヨ鍑婚€€鍜岃鎷?1								

2847	0	892	1	1	1	(2847)(0)楣婅笍鏋漘鍏嶆帶_绱犺】	绱犺】	涓嶅彈鎷涘紡鎺у埗	1								

5995	1	4887	0	1	1	(5995)(1)涓愬府_绗戦唹鐙俖鍏嶆帶	绗戦唹鐙?涓嶅彈鎺у埗鎷涘紡鏁堟灉褰卞搷	1								

2756	0	641	1	1	1	(2756)(0)澶╃瓥_浠婚┌楠嬪厤鎺?绾佃交楠?涓嶅彈鎷涘紡鎺у埗褰卞搷	1								

411	1	1520	1	1	1	(411)(1)鏄熸ゼ鏈堝奖	鏄熸ゼ鏈堝奖	鑷韩鍏嶇柅鎺у埗(鍑婚€€鍜岃鎷夐櫎澶?	1								

677	1	912	1	1	1	(677)(1)楣婅笍鏋?楣婅笍鏋?闂伩鍑犵巼鎻愰珮30%锛屼笉鍙楁嫑寮忔帶鍒舵晥鏋滃奖鍝?鍑婚€€鍜岃鎷夐櫎澶?	1								

367	1	652	1	1	1	(367)(1)澶╃瓥-瀹堝灞?瀹堝灞?鍙楀埌鐨勪激瀹抽檷浣?0%	1								666

399	1	422	1	1	1	(399)(1)鏃犵浉璇€	鏃犵浉璇€	鍙楀埌鐨勪激瀹抽檷浣?5%	1								666

203	1	1457	1	1	1	(203)(1)澶╃瓥-鍟稿铏?鍌茶鎴樻剰	鍟稿铏?鍙楀埌鐤椾激鎴愭晥鎻愰珮2%锛屼笉浼氶噸浼?1								

384	1	1452	1	1	1	(384)(1)杞咕鍧?杞咕鍧?浣跨函闃宠瘈涓嬫墍鏈夋嫑寮忕灛鍙戯紝涓嶅彈鏃犳硶鏂藉睍鍐呭姛鎷涘紡鏁堟灉鐨勫奖鍝嶏紝骞朵笖鑷韩鍙楀埌鐨勪激瀹抽檷浣?0%	1								666

4423	1	3789	1	1	1	(4423)(1)鏄庢暀_鍏夋槑鐩?鍏夋槑鐩?涓嬩竴娆℃秷鑰楁弧鏃ユ垨婊℃湀鍚庣珛鍗宠幏寰楁弧鏈堟垨婊℃棩锛屽苟浣胯娆℃秷鑰楁弧鐏垫嫑寮忓繀瀹氫細蹇?1								

4468	1	3849	1	1	1	(4468)(1)鏄庢暀_瓒呯劧	瓒呯劧	涓嶅彈鎷涘紡鎺у埗(鍑婚€€鍜岃鎷夐櫎澶?锛屽彈鍒颁激瀹崇殑8%杞寲涓鸿嚜韬皵琛€锛岄噸澶嶈幏寰楁椂寤堕暱鎸佺画鏃堕棿	1								

2315	1	2743	1	1	1	(2315)(1)浜旀瘨_琛ュぉ蹇冪粡_濂冲ú琛ュぉ	濂冲ú琛ュぉ	鍩虹鐤椾激鎴愭晥鎻愰珮50%锛岄€犳垚濞佽儊闄嶄綆30%锛屽厤鐤攣瓒炽€佸噺閫熸晥鏋滐紝鍙楀埌浼ゅ闄嶄綆50%锛岃繍鍔熶笉浼氳浼ゅ鎵撻€€	1								

1902	0	2591	1	1	1	(1902)(0)钘忓墤_鎽樻槦_鍗辨ゼ	鍗辨ゼ	鐪╂檿	1								

1904	0	2371	1	1	1	(1904)(0)钘忓墤_鐏靛嘲鍓戝紡_楣ゅ綊瀛ゅ北_鐪╂檿	楣ゅ綊瀛ゅ北	鐪╂檿	1								

