203 | 婢垛晝鐡?閸熺顩ч搹?閸岃尪顢呴幋妯诲壈 | 1 |  |  |  | 3758030846 | 63 | 5 | 32 | 1 | 0 | 2 | 1 | 0 | 0 | 0 |  |  |  |  |  |  | 32 | 32 | 1 | 婢垛晝鐡閾忓骸濮為幎銈囨禈.lua
203 | 婢垛晝鐡?閸熺顩ч搹?閸岃尪顢呴幋妯诲壈 | 1 |  |  |  | 3758030846 | 63 | 5 | 32 | 1 | 0 | 3 | 1 | 0 | 0 | 0 |  |  |  |  |  |  | 32 | 32 | 1 | 婢垛晝鐡閾忓骸濮為幎銈囨禈.lua
203 | 婢垛晝鐡?閸熺顩ч搹?閸岃尪顢呴幋妯诲壈 | 1 |  |  |  | 3758030846 | 63 | 5 | 32 | 1 | 0 | 4 | 1 | 0 | 0 | 0 |  |  |  |  |  |  | 32 | 32 | 1 | 婢垛晝鐡閾忓骸濮為幎銈囨禈.lua
203 | 婢垛晝鐡?閸熺顩ч搹?閸岃尪顢呴幋妯诲壈 | 1 |  |  |  | 3758030846 | 63 | 5 | 32 | 1 | 0 | 5 | 1 | 0 | 0 | 0 |  |  |  |  |  |  | 32 | 32 | 1 | 婢垛晝鐡閾忓骸濮為幎銈囨禈.lua
203 | 婢垛晝鐡?閸熺顩ч搹?閸岃尪顢呴幋妯诲壈 | 1 |  |  |  | 3758030846 | 63 | 5 | 32 | 1 | 0 | 6 | 1 | 0 | 0 | 0 |  |  |  |  |  |  | 32 | 32 | 1 | 婢垛晝鐡閾忓骸濮為幎銈囨禈.lua
203 | 婢垛晝鐡?閸熺顩ч搹?閸岃尪顢呴幋妯诲壈 | 1 |  |  |  | 3758030846 | 63 | 1 | 160 | 1 | 0 | 7 | 1 | 0 | 0 | 0 |  |  |  |  |  |  | 160 | 160 | 1 | 
208 | 閹佃埖鎲為惄缈犵瑐 | 11 |  |  |  | 1610547150 | 60 | 1 | 16 | 1 | 0 | 1 | 1 | 1 | 0 | 0 |  |  |  |  |  |  | 16 | 16 | 1 | 濮圭喐绠?妞诡兛绗傞幍鑸垫啚閸滃矂鈹堟稉瀣閹藉洨娴夋禍鎺曟祮閹?lua
208 | 閹佃埖鎲為惄缈犵瑐 | 11 |  |  |  | 1610547150 | 60 | 1 | 16 | 1 | 0 | 2 | 1 | 1 | 0 | 0 |  |  |  |  |  |  | 16 | 16 | 1 | 濮圭喐绠?妞诡兛绗傞幍鑸垫啚閸滃矂鈹堟稉瀣閹藉洨娴夋禍鎺曟祮閹?lua
208 | 閹佃埖鎲為惄缈犵瑐 | 11 |  |  |  | 1610547150 | 60 | 1 | 16 | 1 | 0 | 3 | 1 | 1 | 0 | 0 |  |  |  |  |  |  | 16 | 16 | 1 | 濮圭喐绠?妞诡兛绗傞幍鑸垫啚閸滃矂鈹堟稉瀣閹藉洨娴夋禍鎺曟祮閹?lua
208 | 閹佃埖鎲為惄缈犵瑐 | 11 |  |  |  | 1610547150 | 60 | 1 | 16 | 1 | 0 | 4 | 1 | 1 | 0 | 0 |  |  |  |  |  |  | 16 | 16 | 1 | 濮圭喐绠?妞诡兛绗傞幍鑸垫啚閸滃矂鈹堟稉瀣閹藉洨娴夋禍鎺曟祮閹?lua
208 | 閹佃埖鎲為惄缈犵瑐 | 11 |  |  |  | 1610547150 | 60 | 1 | 16 | 1 | 0 | 5 | 1 | 1 | 0 | 0 |  |  |  |  |  |  | 16 | 16 | 1 | 濮圭喐绠?妞诡兛绗傞幍鑸垫啚閸滃矂鈹堟稉瀣閹藉洨娴夋禍鎺曟祮閹?lua
208 | 閹佃埖鎲為惄缈犵瑐 | 11 |  |  |  | 1610547150 | 60 | 1 | 16 | 1 | 0 | 6 | 1 | 1 | 0 | 0 |  |  |  |  |  |  | 16 | 16 | 1 | 濮圭喐绠?妞诡兛绗傞幍鑸垫啚閸滃矂鈹堟稉瀣閹藉洨娴夋禍鎺曟祮閹?lua
208 | 閹佃埖鎲為惄缈犵瑐 | 11 |  |  |  | 1610547150 | 60 | 1 | 16 | 1 | 0 | 7 | 1 | 1 | 0 | 0 |  |  |  |  |  |  | 16 | 16 | 1 | 濮圭喐绠?妞诡兛绗傞幍鑸垫啚閸滃矂鈹堟稉瀣閹藉洨娴夋禍鎺曟祮閹?lua
208 | 閹佃埖鎲為惄缈犵瑐 | 11 |  |  |  | 1610547150 | 60 | 1 | 16 | 1 | 0 | 8 | 1 | 1 | 0 | 0 |  |  |  |  |  |  | 16 | 16 | 1 | 濮圭喐绠?妞诡兛绗傞幍鑸垫啚閸滃矂鈹堟稉瀣閹藉洨娴夋禍鎺曟祮閹?lua
208 | 閹佃埖鎲為惄缈犵瑐 | 11 |  |  |  | 1610547150 | 60 | 1 | 16 | 1 | 0 | 9 | 1 | 1 | 0 | 0 |  |  |  |  |  |  | 16 | 16 | 1 | 濮圭喐绠?妞诡兛绗傞幍鑸垫啚閸滃矂鈹堟稉瀣閹藉洨娴夋禍鎺曟祮閹?lua
208 | 閹佃埖鎲為惄缈犵瑐 | 11 |  |  |  | 1610547150 | 60 | 1 | 16 | 1 | 0 | 10 | 1 | 1 | 0 | 0 |  |  |  |  |  |  | 16 | 16 | 1 | 濮圭喐绠?妞诡兛绗傞幍鑸垫啚閸滃矂鈹堟稉瀣閹藉洨娴夋禍鎺曟祮閹?lua
208 | 閹佃埖鎲為惄缈犵瑐 | 11 |  |  |  | 1610547150 | 60 | 1 | 16 | 1 | 0 | 11 | 1 | 1 | 0 | 0 |  |  |  |  |  |  | 16 | 16 | 1 | 濮圭喐绠?妞诡兛绗傞幍鑸垫啚閸滃矂鈹堟稉瀣閹藉洨娴夋禍鎺曟祮閹?lua
208 | 閽樺繐澧ゆ搴℃簚閹佃埖鎲為惄缈犵瑐 | 11 |  |  |  | 1610547150 | 60 | 1 | 16 | 1 | 0 | 12 | 1 | 1 | 0 | 0 |  |  |  |  |  |  | 16 | 16 | 1 | 
244 | 妤犳垳绠?| 11 |  |  |  | 3619840030 | 59 | 1 | 0 | 1 | 0 | 100 | 1 | 1 | 0 | 0 |  |  |  |  | 1 |  | 0 | 0 | 1 | 
244 | 妤犳垳绠?| 11 |  |  |  | 3619840254 | 59 | 1 | 0 | 1 | 0 | 100 | 1 | 1 | 0 | 0 |  |  |  |  | 1 |  | 0 | 0 | 1 | 
244 | 妤犳垳绠?| 11 |  |  |  | 1073897664 | 56 | 1 | 0 | 1 | 0 | 100 | 1 | 1 | 0 | 0 |  |  |  |  | 1 |  | 0 | 0 | 1 | 
244 | 妤犳垳绠?| 11 |  |  |  | 3619840030 | 59 | 9999999 | 8 | 1 | 0 | 100 | 1 | 1 | 0 | 0 |  |  |  |  | 9 |  | 8 | 8 | 1 | 
244 | 妤犳垳绠?| 11 |  |  |  | 3619840030 | 59 | 1 | 0 | 1 | 0 | 101 | 1 | 1 | 0 | 0 |  |  |  |  | 1 |  | 0 | 0 | 1 | 
244 | 妤犳垳绠?| 11 |  |  |  | 3619840254 | 59 | 1 | 0 | 1 | 0 | 101 | 1 | 1 | 0 | 0 |  |  |  |  | 1 |  | 0 | 0 | 1 | 
244 | 妤犳垳绠?| 11 |  |  |  | 3619840030 | 59 | 1 | 0 | 1 | 0 | 101 | 1 | 1 | 0 | 0 |  |  |  |  | 1 |  | 0 | 0 | 1 | 
244 | 妤犳垳绠?| 11 |  |  |  | 1073897664 | 56 | 1 | 0 | 1 | 0 | 100 | 1 | 1 | 0 | 0 |  |  |  |  | 1 |  | 0 | 0 | 1 | 
244 | 妤犳垳绠?| 11 |  |  |  | 3619840030 | 59 | 1 | 0 | 1 | 0 | 100 | 1 | 1 | 0 | 0 |  |  |  |  | 1 |  | 0 | 0 | 1 | 
244 | 妤犳垳绠?| 11 |  |  |  | 3619840030 | 59 | 1 | 0 | 1 | 0 | 100 | 1 | 1 | 0 | 0 |  |  |  |  | 1 |  | 0 | 0 | 1 | 
244 | 妤犳垳绠?| 11 |  |  |  | 3619840030 | 59 | 1 | 0 | 1 | 0 | 100 | 1 | 1 | 0 | 0 |  |  |  |  | 1 |  | 0 | 0 | 1 | 
244 | 妤犳垳绠?| 11 |  |  |  | 3619840030 | 59 | 1 | 0 | 1 | 0 | 101 | 1 | 1 | 0 | 0 |  |  |  |  | 1 |  | 0 | 0 | 1 | 
244 | 妤犳垳绠?| 11 |  |  |  | 3619840030 | 59 | 1 | 0 | 1 | 0 | 101 | 1 | 1 | 0 | 0 |  |  |  |  | 1 |  | 0 | 0 | 1 | 
244 | 妤犳垳绠?| 11 |  |  |  | 1073897664 | 56 | 1 | 0 | 1 | 0 | 100 | 1 | 1 | 0 | 0 |  |  |  |  | 1 |  | 0 | 0 | 1 | 
244 | 妤犳垳绠?| 11 |  |  |  | 3619840030 | 59 | 1 | 0 | 1 | 0 | 100 | 1 | 1 | 0 | 0 |  |  |  |  | 1 |  | 0 | 0 | 1 | 
244 | 妤犳垳绠?| 11 |  |  |  | 3619840030 | 59 | 1 | 0 | 1 | 0 | 100 | 1 | 1 | 0 | 0 |  |  |  |  | 1 |  | 0 | 0 | 1 | 
244 | 妤犳垳绠?| 11 |  |  |  | 536870882 | 56 | 1 | 0 | 1 | 0 | 100 | 1 | 1 | 0 | 0 |  |  |  |  | 1 |  | 0 | 0 | 1 | 
244 | 妤犳垳绠?| 11 |  |  |  | 536870896 | 56 | 1 | 0 | 1 | 0 | 100 | 1 | 1 | 0 | 0 |  |  |  |  | 1 |  | 0 | 0 | 1 | 
244 | 妤犳垳绠?| 11 |  |  |  | 3619840030 | 59 | 1 | 0 | 1 | 0 | 100 | 1 | 1 | 0 | 0 |  |  |  |  | 1 |  | 0 | 0 | 1 | 
244 | 妤犳垳绠?| 11 |  |  |  | 1073897664 | 56 | 1 | 0 | 1 | 0 | 100 | 1 | 1 | 0 | 0 |  |  |  |  | 1 |  | 0 | 0 | 1 | 
244 | 妤犳垳绠籣妞嬬偟鑰冩す顒冩簠 | 11 |  |  |  | 3619840030 | 59 | 1 | 0 | 1 | 0 | 100 | 1 | 1 | 0 | 0 |  |  |  |  | 1 |  | 0 | 0 | 1 | 
244 | 妤犳垳绠?| 11 |  |  |  | 3619840030 | 59 | 1 | 0 | 1 | 0 | 100 | 1 | 1 | 0 | 0 |  |  |  |  | 1 |  | 0 | 0 | 1 | 
244 | 妤犳垳绠?| 11 |  |  |  | 3619840030 | 59 | 1 | 0 | 1 | 0 | 100 | 1 | 1 | 0 | 0 |  |  |  |  | 1 |  | 0 | 0 | 1 | 
244 | 妤犳垳绠?| 11 |  |  |  | 3619840030 | 59 | 1 | 0 | 1 | 0 | 100 | 1 | 1 | 0 | 0 |  |  |  |  | 1 |  | 0 | 0 | 1 | 
244 | 妤犳垳绠?| 11 |  |  |  | 3619840030 | 59 | 1 | 0 | 1 | 0 | 100 | 1 | 1 | 0 | 0 |  |  |  |  | 1 |  | 0 | 0 | 1 | 
244 | 妤犳垳绠籣閸庤法顏㈤懞鍌氭綏妤?11 |  | 208 | 26 | 3619840030 | 1 | 8 | 8 | 1 | 9999999 | 1 | 0 | 1 | 0 | 1 | 1 |  |  |  |  |  |  | 59 | 1 | 0 | 
244 | 妤犳垳绠籣鐠ф稖澧?| 11 |  |  |  | 536870898 | 56 | 1 | 0 | 1 | 0 | 100 | 1 | 1 | 0 | 0 |  |  |  |  | 1 |  | 0 | 0 | 1 | 
244 | 妤犳垳绠籣閸嬫粈绨梿顏堟阜 | 11 |  |  |  | 1073897664 | 56 | 1 | 0 | 1 | 0 | 100 | 1 | 1 | 0 | 0 |  |  |  |  | 1 |  | 0 | 0 | 1 | 
244 | 閸嬫粈绨梿顏堟阜璺紒鍫濐唽 | 11 |  |  |  | 1073897664 | 56 | 1 | 0 | 1 | 0 | 100 | 1 | 1 | 0 | 0 |  |  |  |  | 1 |  | 0 | 0 | 1 | 
244 | 閸嬫粈绨梿顏堟阜璺崙宀勬節 | 11 |  |  |  | 1073897664 | 56 | 1 | 0 | 1 | 0 | 100 | 1 | 1 | 0 | 0 |  |  |  |  | 1 |  | 0 | 0 | 1 | 
244 | 閸嬫粈绨梿顏堟阜璺幓鑺モ叺 | 11 |  |  |  | 1073897664 | 56 | 1 | 0 | 1 | 0 | 100 | 1 | 1 | 0 | 0 |  |  |  |  | 1 |  | 0 | 0 | 1 | 
244 | 妤犳垳绠?| 11 |  |  |  | 3619840030 | 59 | 1 | 0 | 1 | 0 | 100 | 1 | 1 | 0 | 0 |  |  |  |  | 1 |  | 0 | 0 | 1 | 
244 | 閸樼兌Q闂嗩亝锕鎻掔熬瀵?11 |  | 208 | 33 | 3619840030 | 1 | 8 | 8 | 1 | 9999999 | 1 | 0 | 1 | 0 | 1 | 1 |  |  |  |  |  |  | 59 | 1 | 0 | 
244 | 妤犳垳绠籣鐠佹儳鐣鹃梿鍡氬煘 | 11 |  |  |  | 1073897664 | 56 | 1 | 0 | 1 | 0 | 100 | 1 | 1 | 0 | 0 |  |  |  |  | 1 |  | 0 | 0 | 1 | 
244 | 妤犳垳绠籣閹湹姹夌拫閿嬪瘹閹搞儴婧?| 11 |  |  |  | 3619840030 | 59 | 9999999 | 8 | 1 | 0 | 100 | 1 | 1 | 0 | 0 |  |  |  |  | 1 |  | 8 | 8 | 1 | 
244 | 妤犳垳绠籣閹湹姹夌拫閿嬪瘹閹搞儴婧?| 11 |  |  |  | 3619840030 | 59 | 9999999 | 8 | 1 | 0 | 100 | 1 | 1 | 0 | 0 |  |  |  |  | 1 |  | 8 | 8 | 1 | 
244 | 妤犳垳绠籣闂嗩亝锕悩?11 |  | 208 | 37 | 3619840030 | 1 | 8 | 8 | 1 | 9999999 | 1 | 0 | 1 | 0 | 1 | 1 |  |  |  |  |  |  | 59 | 1 | 0 | 
244 | 妤犳垳绠籣闂嗩亝锕悩鐞犻崷鐑樻珯 | 11 |  |  |  | 3619840030 | 59 | 9999999 | 8 | 1 | 0 | 100 | 1 | 1 | 0 | 0 |  |  |  |  | 1 |  | 8 | 8 | 1 | 
244 | 妤犳垳绠?| 11 |  |  |  | 3619840030 | 59 | 9999999 | 8 | 1 | 0 | 100 | 1 | 1 | 0 | 0 |  |  |  |  | 1 |  | 8 | 8 | 1 | 
244 | 妤犳垳绠?| 11 |  |  |  | 3619840030 | 59 | 9999999 | 8 | 1 | 0 | 100 | 1 | 1 | 0 | 0 |  |  |  |  | 1 |  | 8 | 8 | 1 | 
244 | 妤犳垳绠?| 11 |  |  |  | 3619840030 | 59 | 1 | 0 | 1 | 0 | 100 | 1 | 1 | 0 | 0 |  |  |  |  | 1 |  | 0 | 0 | 1 | 
244 | 妤犳垳绠?| 11 |  |  |  | 3619840030 | 59 | 9999999 | 8 | 1 | 0 | 100 | 1 | 1 | 0 | 0 |  |  |  |  | 1 |  | 8 | 8 | 1 | 
244 | 妤犳垳绠?| 11 |  |  |  | 3619840030 | 59 | 1 | 0 | 1 | 0 | 100 | 1 | 1 | 0 | 0 |  |  |  |  | 1 |  | 0 | 0 | 1 | 
244 | 妤犳垳绠?| 11 |  |  |  | 3619840030 | 59 | 3600 | 4 | 1 | 0 | 100 | 1 | 1 | 0 | 0 |  |  |  |  | 1 |  | 4 | 4 | 1 | npc/閸擃垱婀癇OSS/鐏忔ê缍婂ù绌囧銊ュ暎濠€?2閸欑﹪閸撳秶鐤嗛崗鍐插幢/娑撳顥ｇ悰灞芥珤鐟欙綁娅庨柨浣藉喕.lua
244 | 妤犳垳绠籣妤傛璐?| 11 |  |  |  | 3619840030 | 59 | 1 | 0 | 1 | 0 | 100 | 1 | 1 | 0 | 0 |  |  |  |  | 1 |  | 0 | 0 | 1 | 
244 | 妤犳垳绠籣閻熻泛顣ㄧ€瑰憡鐖?| 11 |  |  |  | 3619840030 | 59 | 1 | 0 | 1 | 0 | 100 | 1 | 1 | 0 | 0 |  |  |  |  | 1 |  | 0 | 0 | 1 | 
244 | 妤犳垳绠?| 11 |  |  |  | 3619840030 | 59 | 1 | 0 | 1 | 0 | 100 | 1 | 1 | 0 | 0 |  |  |  |  | 1 |  | 0 | 0 | 1 | 
244 | 妤犳垳绠籣鐟楀灝鍖楅幏鍌炴穿 | 11 |  |  |  | 3619840030 | 59 | 1 | 0 | 1 | 0 | 100 | 1 | 1 | 0 | 0 |  |  |  |  | 1 |  | 0 | 0 | 1 | 
244 | 妤犳垳绠籣闂冩潙鍖楅柌搴ㄢ攼 | 11 |  |  |  | 3619840030 | 59 | 1 | 0 | 1 | 0 | 100 | 1 | 1 | 0 | 0 |  |  |  |  | 1 |  | 0 | 0 | 1 | 
244 | 妤犳垳绠籣姒瑩妫崣灞藉槻妞?11 |  | 208 | 54 | 3619840030 | 1 | 0 | 0 | 1 | 1 | 1 | 0 | 1 | 0 | 1 | 1 |  |  |  |  |  |  | 59 | 1 | 0 | 
244 | 妤犳垳绠籣閸忣偄宕锋Λ?11 |  | 208 | 55 | 1073897664 | 1 | 0 | 0 | 1 | 1 | 1 | 0 | 1 | 0 | 1 | 1 |  |  |  |  |  |  | 56 | 1 | 0 | 
244 | 妤犳垳绠籣妤犱線濞?| 11 |  |  |  | 1073897664 | 56 | 1 | 0 | 1 | 0 | 100 | 1 | 1 | 0 | 0 |  |  |  |  | 1 |  | 0 | 0 | 1 | 
244 | 妤犳垳绠籣閻斿﹦灏楅幏澶庢簠 | 11 |  |  |  | 3619840030 | 59 | 1 | 0 | 1 | 0 | 100 | 1 | 1 | 0 | 0 |  |  |  |  | 1 |  | 0 | 0 | 1 | 
244 | 妤犳垳绠籣鏉烆喗顦?| 11 |  |  |  | 3619840030 | 59 | 1 | 16 | 1 | 0 | 100 | 1 | 1 | 0 | 0 |  |  |  |  | 1 |  | 16 | 16 | 1 | 
244 | 妤犳垳绠籣妤ｅ繘绠?| 11 |  |  |  | 3619840030 | 59 | 1 | 0 | 1 | 0 | 100 | 1 | 1 | 0 | 0 |  |  |  |  | 1 |  | 0 | 0 | 1 | 
244 | [00244]妤犳垳绠?| 11 |  |  |  | 3619840030 | 59 | 9999999 | 8 | 1 | 0 | 100 | 1 | 1 | 0 | 0 |  |  |  |  | 1 |  | 8 | 8 | 1 | 
244 | [00244]妤犳垳绠?| 11 |  |  |  | 3619840030 | 59 | 9999999 | 8 | 1 | 0 | 100 | 1 | 1 | 0 | 0 |  |  |  |  | 1 |  | 8 | 8 | 1 | 
244 | 妤犳垳绠籣閹硅渹淇?| 11 |  |  |  | 3619840030 | 59 | 1 | 0 | 1 | 0 | 100 | 1 | 1 | 0 | 0 |  |  |  |  | 1 |  | 0 | 0 | 1 | 
244 | 妤犳垳绠籣闂囩鍨佹潪?11 |  | 208 | 63 | 3619840030 | 1 | 0 | 0 | 1 | 1 | 1 | 0 | 1 | 0 | 1 | 1 |  |  |  |  |  |  | 59 | 1 | 0 | 
244 | 妤犳垳绠籣閹靛甯规潪?11 |  | 208 | 64 | 3619840030 | 1 | 16 | 16 | 1 | 1 | 1 | 0 | 1 | 0 | 1 | 1 |  |  |  |  |  |  | 59 | 1 | 0 | 
244 | 妤犳垳绠籣閼哥偠钖勯懕鏃傚挴 | 11 |  |  |  | 3619840030 | 59 | 1 | 0 | 1 | 0 | 100 | 1 | 1 | 0 | 0 |  |  |  |  | 1 |  | 0 | 0 | 1 | 
244 | 妤犳垳绠籣閸愬弶姘弶?11 |  | 208 | 66 | 3619840222 | 1 | 0 | 0 | 1 | 1 | 1 | 0 | 1 | 0 | 0 | 1 |  |  |  |  |  |  | 59 | 1 | 0 | 
244 | 妤犳垳绠籣妤ｈ儻婧呰矾閺勩儴宕?| 11 |  |  |  | 268591134 | 0 | 1 | 0 | 1 | 0 | 100 | 1 | 1 | 0 | 0 |  |  |  |  | 1 |  | 0 | 0 | 1 | 
244 | 妤犳垳绠籣鐞涒偓閻啿鎮堕悡?11 |  | 208 | 68 | 3619840030 | 1 | 0 | 0 | 1 | 1 | 1 | 0 | 1 | 0 | 1 | 1 |  |  |  |  |  |  | 59 | 1 | 0 | 
244 | 妤犳垳绠籣閸ゅジ顎囬崙鍓侀叡 | 11 |  |  |  | 3619840030 | 59 | 1 | 0 | 1 | 0 | 100 | 1 | 1 | 0 | 0 |  |  |  |  | 1 |  | 0 | 0 | 1 | 
244 | 妤犳垳绠籣閼诲秴鍖楅梿顏嗗 | 11 |  |  |  | 3619840030 | 59 | 1 | 0 | 1 | 0 | 100 | 1 | 1 | 0 | 0 |  |  |  |  | 1 |  | 0 | 0 | 1 | 
244 | 妤犳垳绠籣閸熺绠旈惂鐣屽癄 | 11 |  |  |  | 3619840030 | 59 | 1 | 0 | 1 | 0 | 100 | 1 | 1 | 0 | 0 |  |  |  |  | 1 |  | 0 | 0 | 1 | 
244 | 妤犳垳绠籣閸忚鲸鐤嗛悽鐔夐攱鎹ｇ亸蹇庣 | 11 |  |  |  | 268591358 | 0 | 1 | 0 | 1 | 0 | 100 | 1 | 1 | 0 | 0 |  |  |  |  | 1 |  | 0 | 0 | 1 | 
244 | 妤犳垳绠籣濠曨偅鏋佹＃娆戠稄 | 11 |  |  |  | 3619840030 | 59 | 1 | 0 | 1 | 0 | 100 | 1 | 1 | 0 | 0 |  |  |  |  | 1 |  | 0 | 0 | 1 | 
244 | 妤犳垳绠籣閺堟稒婀€瑜?11 |  | 208 | 74 | 3619840030 | 1 | 0 | 0 | 1 | 1 | 1 | 0 | 1 | 0 | 1 | 1 |  |  |  |  |  |  | 59 | 1 | 0 | 
244 | 閺冦儴顢戦崡鍐櫡 | 11 |  |  |  | 3619840030 | 59 | 1 | 0 | 1 | 0 | 100 | 1 | 1 | 0 | 0 |  |  |  |  | 1 |  | 0 | 0 | 1 | 
244 | 妤犳垳绠籣缁鳖偄浜曢柌鎴︽娴溿倖顦?| 11 |  |  |  | 3619840030 | 59 | 1 | 0 | 1 | 0 | 100 | 1 | 1 | 0 | 0 |  |  |  |  | 1 |  | 0 | 0 | 1 | 
244 | 妤犳垳绠籣闁叉垶鐏氶幎杈ㄦ箑 | 11 |  |  |  | 3619840030 | 59 | 1 | 0 | 1 | 0 | 100 | 1 | 1 | 0 | 0 |  |  |  |  | 1 |  | 0 | 0 | 1 | 
244 | 妤犳垳绠籣娑斿奔绨梿顏嗗 | 11 |  |  |  | 3619840030 | 59 | 1 | 0 | 1 | 0 | 100 | 1 | 1 | 0 | 0 |  |  |  |  | 1 |  | 0 | 0 | 1 | 
244 | 妤犳垳绠籣缂囧﹪鈹?| 11 |  |  |  | 3619840030 | 59 | 1 | 0 | 1 | 0 | 100 | 1 | 1 | 0 | 0 |  |  |  |  | 1 |  | 0 | 0 | 1 | 
244 | 妤犳垳绠籣妞诡剙鍔圭捄瀹犵儲 | 11 |  |  |  | 3619840030 | 59 | 1 | 0 | 1 | 0 | 100 | 1 | 1 | 0 | 0 |  |  |  |  | 1 |  | 0 | 0 | 1 | 
244 | 妤犳垳绠籣闂嗩亣顩€垫帒甯?| 11 |  |  |  | 3619840030 | 59 | 1 | 0 | 1 | 0 | 100 | 1 | 1 | 0 | 0 |  |  |  |  | 1 |  | 0 | 0 | 1 | 
244 | 妤犳垳绠籣閸愬嘲鍖楅懠绋款吂 | 11 |  |  |  | 3619840030 | 59 | 1 | 0 | 1 | 0 | 100 | 1 | 1 | 0 | 0 |  |  |  |  | 1 |  | 0 | 0 | 1 | 
244 | 妤犳垳绠籣娑撳秵鍓?| 11 |  |  |  | 3619840030 | 59 | 1 | 0 | 1 | 0 | 100 | 1 | 1 | 0 | 0 |  |  |  |  | 1 |  | 0 | 0 | 1 | 
244 | 妤犳垳绠籣闂呭繑閽靛ù?11 |  | 208 | 84 | 1073897664 | 1 | 0 | 0 | 1 | 1 | 1 | 0 | 1 | 0 | 1 | 1 |  |  |  |  |  |  | 56 | 1 | 0 | 
244 | 妤犳垳绠籣鎼村棜鍨堕懝顖氼唽 | 11 |  |  |  | 3619840030 | 59 | 1 | 0 | 1 | 0 | 100 | 1 | 1 | 0 | 0 |  |  |  |  | 1 |  | 0 | 0 | 1 | 
244 | 妤犳垳绠籣閸濇帒鎼?| 11 |  |  |  | 3619840030 | 59 | 1 | 0 | 1 | 0 | 100 | 1 | 1 | 0 | 0 |  |  |  |  | 1 |  | 0 | 0 | 1 | 
244 | 妤犳垳绠籣缁俱垻瀛╂總宕囧竾閸?11 |  | 208 | 87 | 3619840030 | 1 | 0 | 0 | 1 | 1 | 1 | 0 | 1 | 0 | 1 | 1 |  |  |  |  |  |  | 59 | 1 | 0 | 
244 | 妤犳垳绠籣閽侇偉濮︽ウ?11 |  | 208 | 88 | 3619840030 | 1 | 0 | 0 | 1 | 1 | 1 | 0 | 1 | 0 | 1 | 1 |  |  |  |  |  |  | 59 | 1 | 0 | 
244 | 妤犳垳绠?| 11 |  |  |  | 1073897664 | 56 | 1 | 0 | 1 | 0 | 100 | 1 | 1 | 0 | 0 |  |  |  |  | 1 |  | 0 | 0 | 1 | 
244 | 妤犳垳绠籣閸濈厧鎽风亸鍡楀晽 | 11 |  |  |  | 3619840030 | 59 | 1 | 0 | 1 | 0 | 100 | 1 | 1 | 0 | 0 |  |  |  |  | 1 |  | 0 | 0 | 1 | 
244 | 妤犳垳绠籣濮濄倝浜鹃弸顖濆闯璺换浣烘晸 | 11 |  |  |  | 3619840030 | 59 | 1 | 0 | 1 | 0 | 100 | 1 | 1 | 0 | 0 |  |  |  |  | 1 |  | 0 | 0 | 1 | 
244 | 妤犳垳绠籣閻戠喐灏濆ù浣稿帨 | 11 |  |  |  | 1073897664 | 56 | 1 | 0 | 1 | 0 | 100 | 1 | 1 | 0 | 0 |  |  |  |  | 1 |  | 0 | 0 | 1 | 
244 | 妤犳垳绠籣闂嗩亜鐓欓崡搴″帨 | 11 |  |  |  | 3619840030 | 59 | 1 | 0 | 1 | 0 | 100 | 1 | 1 | 0 | 0 |  |  |  |  | 1 |  | 0 | 0 | 1 | 
244 | 妤犳垳绠籣婵傛棁鍚樻稉宥勭搐閻╁棛娉﹂懜?11 |  | 208 | 94 | 1073897664 | 1 | 0 | 0 | 1 | 1 | 1 | 0 | 1 | 0 | 1 | 1 |  |  |  |  |  |  | 56 | 1 | 0 | 
244 | 妤犳垳绠籣閸忣偄宕锋Λ?11 |  | 208 | 95 | 1073897664 | 1 | 0 | 0 | 1 | 1 | 1 | 0 | 1 | 0 | 1 | 1 |  |  |  |  |  |  | 56 | 1 | 0 | 
244 | 妤犳垳绠籣缁俱垻缍忛懜?11 |  | 208 | 96 | 1073897664 | 1 | 0 | 0 | 1 | 1 | 1 | 0 | 1 | 0 | 1 | 1 |  |  |  |  |  |  | 56 | 1 | 0 | 
244 | 妤犳垳绠籣濞撯剝鍎?| 11 |  |  |  | 1073897664 | 56 | 1 | 0 | 1 | 0 | 100 | 1 | 1 | 0 | 0 |  |  |  |  | 1 |  | 0 | 0 | 1 | 
244 | 妤犳垳绠籣閸欏爼鈹岄惃鍕棧闂囩偤鐛?| 11 |  |  |  | 3619840030 | 59 | 1 | 16 | 1 | 0 | 100 | 1 | 1 | 0 | 0 |  |  |  |  | 1 |  | 16 | 16 | 1 | 
244 | 妤犳垳绠籣閸楊垵鍨庨張鍫モ敋 | 11 |  |  |  | 3619840030 | 59 | 1 | 0 | 1 | 0 | 100 | 1 | 1 | 0 | 0 |  |  |  |  | 1 |  | 0 | 0 | 1 | 
367 | 婢垛晝鐡?鐎瑰牆顩х仦?1 | ResistDamage | 367 | 1 | 3758030846 |  | 16 | 16 | 1 | 8 | 1 | 0 | 1 | 0 | 1 | 1 |  |  |  |  |  |  | 63 | 1 | 1 | 
384 | 鏉烆兛鍜曢崸?3 |  | 384 | 1 | 3758030846 |  | 16 | 16 | 1 | 1 | 1 | 0 | 1 | 0 | 1 | 1 |  |  |  |  |  |  | 63 | 1 | 1 | 
384 | 鏉烆兛鍜曢崸?3 |  | 384 | 2 | 3758030846 |  | 16 | 16 | 1 | 1 | 1 | 0 | 1 | 0 | 1 | 1 |  |  |  |  |  |  | 63 | 1 | 1 | 
399 | 閺冪姷娴夌拠鈧?| 5 | ResistDamage |  |  | 3758030846 | 63 | 1 | 16 | 1 | 0 | 35 | 1 | 1 | 0 | 1 |  |  |  |  |  |  | 16 | 16 | 1 | 鐏忔垶鐏刓閺冪姷娴夌拠鈧琠閼奉亣闊╅崙蹇涒偓?lua
399 | 閺冪姷娴夌拠鈧?| 5 | ResistDamage |  |  | 3758030846 | 63 | 1 | 16 | 1 | 0 | 40 | 1 | 1 | 0 | 1 |  |  |  |  |  |  | 16 | 16 | 1 | 鐏忔垶鐏刓閺冪姷娴夌拠鈧琠閼奉亣闊╅崙蹇涒偓?lua
399 | 閺冪姷娴夌拠鈧?| 5 | ResistDamage |  |  | 3758030846 | 63 | 1 | 16 | 1 | 0 | 45 | 1 | 1 | 0 | 1 |  |  |  |  |  |  | 16 | 16 | 1 | 鐏忔垶鐏刓閺冪姷娴夌拠鈧琠閼奉亣闊╅崙蹇涒偓?lua
399 | 閺冪姷娴夌拠鈧?| 5 | ResistDamage |  |  | 3758030846 | 63 | 1 | 16 | 1 | 0 | 50 | 1 | 1 | 0 | 1 |  |  |  |  |  |  | 16 | 16 | 1 | 鐏忔垶鐏刓閺冪姷娴夌拠鈧琠閼奉亣闊╅崙蹇涒偓?lua
411 | 閺勭喐銈奸張鍫濆 | 2 |  |  |  | 3758030846 | 63 | 1 | 16 | 1 | 0 | 64 | 1 | 0 | 0 | 0 |  |  |  |  |  |  | 16 | 16 | 1 | 娑撳洩濮?90缁狙冾殞缁?娑撳洩濮砡閺勭喐銈奸張鍫濆濞戝牆銇?lua
411 | 閺勭喐銈奸張鍫濆 | 2 |  |  |  | 3758030846 | 63 | 1 | 16 | 1 | 0 | 64 | 1 | 0 | 0 | 0 |  |  |  |  |  |  | 16 | 16 | 1 | 娑撳洩濮?90缁狙冾殞缁?娑撳洩濮砡閺勭喐銈奸張鍫濆濞戝牆銇?lua
422 | 閹劖鍎矰EBUFF | 0 | Fear | Fear |  | 4294967294 | 63 | 1 | 800 | 1 | 1 | 800 | 1 | 1 | 0 | 0 |  |  |  |  |  |  | 800 | 800 | 1 | 
424 | 閸愭煡鏀遍惇鈺傛 | 0 | Stun |  |  | 1405095936 | 60 | 1 | 80 | 1 | 0 | 1 | 1 | 1 | 0 | 0 |  |  |  |  |  |  | 80 | 80 | 1 | 
453 | 娑旀繆娴嗚ぐ鎺嶇_閻晜妾?| 3 | Daze | Daze |  | 1405095936 | 60 | 1 | 64 | 1 | 0 | 64 | 1 | 1 | 0 | 0 |  |  |  |  |  |  | 64 | 64 | 1 | 
541 | 婢垛晝鐡?閺傤參鐡婇崚?閺冪姵纭剁粔璇插З | 1 | Charm |  |  | 1405108224 | 60 | 1 | 32 | 1 | 0 | 32 | 1 | 1 | 0 | 0 |  |  |  |  |  |  | 32 | 32 | 1 | 
554 | 婢堆囦壕閺冪姵婀?| 3 | Halt |  | 2 | 1405100032 | 60 | 1 | 32 | 1 | 0 | 32 | 1 | 1 | 0 | 0 | 0 |  |  |  |  |  | 32 | 32 | 1 | 
554 | 婢堆囦壕閺冪姵婀?| 3 | Halt |  | 2 | 1405100032 | 60 | 1 | 48 | 1 | 0 | 48 | 1 | 1 | 0 | 0 | 0 |  |  |  |  |  | 48 | 48 | 1 | 
554 | 婢堆囦壕閺冪姵婀?| 3 | Halt |  | 2 | 1405100032 | 60 | 1 | 64 | 1 | 0 | 64 | 1 | 1 | 0 | 0 | 0 |  |  |  |  |  | 64 | 64 | 1 | 
554 | 婢堆囦壕閺冪姵婀?| 3 | Halt |  | 2 | 1405100032 | 60 | 1 | 80 | 1 | 0 | 80 | 1 | 1 | 0 | 0 | 0 |  |  |  |  |  | 80 | 80 | 1 | 
554 | 婢堆囦壕閺冪姵婀?| 3 | Halt |  | 2 | 1405100032 | 60 | 1 | 96 | 1 | 0 | 96 | 1 | 1 | 0 | 0 | 0 |  |  |  |  |  | 96 | 96 | 1 | 
556 | 娑撳啯妲﹂幏杈╂喓 | 3 | Halt |  | 3 | 1405100032 | 60 | 1 | 16 | 1 | 0 | 400 | 1 | 1 | 1 | 0 | 0 |  |  |  |  |  | 16 | 16 | 1 | 
556 | 娑撳啯妲﹂幏杈╂喓 | 3 | Halt |  | 3 | 1405100032 | 60 | 1 | 16 | 1 | 0 | 480 | 1 | 1 | 1 | 0 | 0 |  |  |  |  |  | 16 | 16 | 1 | 
556 | 娑撳啯妲﹂幏杈╂喓 | 3 | Halt |  | 3 | 1405100032 | 60 | 1 | 16 | 1 | 0 | 560 | 1 | 1 | 1 | 0 | 0 |  |  |  |  |  | 16 | 16 | 1 | 
556 | 娑撳啯妲﹂幏杈╂喓 | 3 | Halt |  | 3 | 1405100032 | 60 | 1 | 16 | 1 | 0 | 640 | 1 | 1 | 1 | 0 | 0 |  |  |  |  |  | 16 | 16 | 1 | 
556 | 娑撳啯妲﹂幏杈╂喓 | 3 | Halt |  | 3 | 1405100032 | 60 | 1 | 16 | 1 | 0 | 720 | 1 | 1 | 1 | 0 | 0 |  |  |  |  |  | 16 | 16 | 1 | 
558 | 娑撳澧犻崠鏍晸 | 3 | Charm |  | 1 | 1405108224 | 60 | 1 | 32 | 1 | 0 | 48 | 1 | 1 | 0 | 0 | 0 |  |  |  |  |  | 32 | 32 | 1 | 
558 | 娑撳澧犻崠鏍晸 | 3 | Charm |  | 1 | 1405108224 | 60 | 1 | 48 | 1 | 0 | 72 | 1 | 1 | 0 | 0 | 0 |  |  |  |  |  | 48 | 48 | 1 | 
558 | 娑撳澧犻崠鏍晸 | 3 | Charm |  | 1 | 1405108224 | 60 | 1 | 64 | 1 | 0 | 96 | 1 | 1 | 0 | 0 | 0 |  |  |  |  |  | 64 | 64 | 1 | 
558 | 娑撳澧犻崠鏍晸 | 3 | Charm |  | 1 | 1405108224 | 60 | 1 | 80 | 1 | 0 | 120 | 1 | 1 | 0 | 0 | 0 |  |  |  |  |  | 80 | 80 | 1 | 
558 | 娑撳澧犻崠鏍晸 | 3 | Charm |  | 1 | 1405108224 | 60 | 1 | 96 | 1 | 0 | 144 | 1 | 1 | 0 | 0 | 0 |  |  |  |  |  | 96 | 96 | 1 | 
677 | 妤ｅ﹨绗嶉弸?4 |  | 677 | 1 | 3758030846 |  | 16 | 16 | 1 | 6 | 1 | 0 | 0 | 0 | 1 | 1 |  |  |  |  |  |  | 63 | 1 | 0 | 
677 | 妤ｅ﹨绗嶉弸?4 |  | 677 | 2 | 3758030846 |  | 16 | 16 | 1 | 6 | 1 | 0 | 0 | 0 | 1 | 1 |  |  |  |  |  |  | 63 | 1 | 0 | 
677 | 妤ｅ﹨绗嶉弸?4 |  | 677 | 3 | 3758030846 |  | 16 | 16 | 1 | 6 | 1 | 0 | 0 | 0 | 1 | 1 |  |  |  |  |  |  | 63 | 1 | 0 | 
677 | 妤ｅ﹨绗嶉弸?4 |  | 677 | 4 | 3758030846 |  | 16 | 16 | 1 | 6 | 1 | 0 | 0 | 0 | 1 | 1 |  |  |  |  |  |  | 63 | 1 | 0 | 
677 | 妤ｅ﹨绗嶉弸?4 |  | 677 | 5 | 3758030846 |  | 16 | 16 | 1 | 6 | 1 | 0 | 0 | 0 | 1 | 1 |  |  |  |  |  |  | 63 | 1 | 0 | 
677 | 妤ｅ﹨绗嶉弸?4 |  | 677 | 6 | 3758030846 |  | 16 | 16 | 1 | 6 | 1 | 0 | 0 | 0 | 1 | 1 |  |  |  |  |  |  | 63 | 1 | 0 | 
677 | 妤ｅ﹨绗嶉弸?4 |  | 677 | 7 | 3758030846 |  | 16 | 16 | 1 | 6 | 1 | 0 | 0 | 0 | 1 | 1 |  |  |  |  |  |  | 63 | 1 | 0 | 
677 | 妤ｅ﹨绗嶉弸?4 |  | 677 | 8 | 3758030846 |  | 16 | 16 | 1 | 6 | 1 | 0 | 0 | 0 | 1 | 1 |  |  |  |  |  |  | 63 | 1 | 0 | 
682 | 闂嗙兘娓鹃棁鍥ㄢ偓?4 | Stun | 8 | 1 | 1405095936 |  | 16 | 16 | 1 | 1 | 1 | 0 | 1 | 0 | 0 | 1 |  |  |  | 4 |  |  | 60 | 1 | 0 | 
682 | 闂嗙兘娓鹃棁鍥ㄢ偓?4 | Stun | 8 | 2 | 1405095936 |  | 16 | 16 | 1 | 1 | 1 | 0 | 1 | 0 | 0 | 1 |  |  |  | 4 |  |  | 60 | 1 | 0 | 
682 | 闂嗙兘娓鹃棁鍥ㄢ偓?4 | Stun | 8 | 3 | 1405095936 |  | 144 | 144 | 1 | 1 | 1 | 0 | 1 | 0 | 0 | 1 |  |  |  | 4 |  |  | 60 | 1 | 0 | 
682 | 闂嗙兘娓鹃棁鍥ㄢ偓?4 | Stun | 8 | 4 | 1405095936 |  | 160 | 160 | 1 | 1 | 1 | 0 | 1 | 0 | 0 | 1 |  |  |  | 4 |  |  | 60 | 1 | 0 | 
682 | 闂嗙兘娓鹃棁鍥ㄢ偓?4 | Stun | 8 | 5 | 1405095936 |  | 16 | 16 | 1 | 1 | 1 | 0 | 1 | 0 | 0 | 1 |  |  |  | 4 |  |  | 60 | 1 | 0 | 
749 | 缁鳖偊婀犻崝鐒堢€规俺闊?| 3 | Charm |  | 8 | 1405108224 | 60 | 1 | 48 | 1 | 0 | 32 | 1 | 1 | 0 | 0 |  |  |  |  |  |  | 48 | 48 | 1 | 
2315 | 娴滄梹鐦╛鐞涖儱銇夎箛鍐病_婵傚啿煤鐞涖儱銇?| 9 |  |  |  | 3757998078 | 63 | 1 | 16 | 1 | 0 | 999 | 1 | 1 | 0 | 0 |  |  |  |  |  |  | 16 | 16 | 1 | 娴滄梹鐦╘缁夋鐟榎婵傚啿煤閻愯甯€閸掔姷顫濈猾?lua
2315 | 娴滄梹鐦╛鐞涖儱銇夎箛鍐病-婵傚啿煤鐞涖儱銇?| 9 |  |  |  | 3757998078 | 63 | 1 | 368 | 1 | 0 | 1000 | 1 | 1 | 0 | 0 |  |  |  |  |  |  | 368 | 368 | 1 | 娴滄梹鐦╘缁夋鐟榎婵傚啿煤閻愯甯€閸掔姷顫濈猾?lua
2315 | 娴滄梹鐦╛鐞涖儱銇夎箛鍐病_婵傚啿煤鐞涖儱銇?| 9 |  |  |  | 3757998078 | 63 | 1 | 16 | 1 | 0 | 1000 | 1 | 1 | 0 | 0 |  |  |  |  |  |  | 16 | 16 | 1 | 娴滄梹鐦╘缁夋鐟榎婵傚啿煤閻愯甯€閸掔姷顫濈猾?lua
2315 | 娴滄梹鐦╛鐞涖儱銇夎箛鍐病_婵傚啿煤鐞涖儱銇?| 9 |  |  |  | 3757998078 | 63 | 1 | 16 | 1 | 0 | 999 | 1 | 1 | 0 | 0 |  |  |  |  |  |  | 16 | 16 | 1 | 娴滄梹鐦╘缁夋鐟榎婵傚啿煤閻愯甯€閸掔姷顫濈猾?lua
2522 | 娴滄梹鐦╛娑撳洩娉惇鐔恍抇閻姾娉?鐎电瓎layer) | 9 | Stun |  | 6 | 1405095936 | 60 | 1 | 40 | 1 | 0 | 1 | 1 | 1 | 1 | 0 |  |  |  |  |  |  | 40 | 40 | 1 | 
2522 | 娴滄梹鐦╛娑撳洩娉惇鐔恍抇閻姾娉?鐎电瓎layer) | 9 | Stun |  | 6 | 1405095936 | 60 | 1 | 48 | 1 | 0 | 2 | 1 | 1 | 1 | 0 |  |  |  |  |  |  | 48 | 48 | 1 | 
2522 | 娴滄梹鐦╛娑撳洩娉惇鐔恍抇閻姾娉?鐎电瓎layer) | 9 | Stun |  | 6 | 1405095936 | 60 | 1 | 56 | 1 | 0 | 3 | 1 | 1 | 1 | 0 |  |  |  |  |  |  | 56 | 56 | 1 | 
2522 | 娴滄梹鐦╛娑撳洩娉惇鐔恍抇閻姾娉?鐎电瓎layer) | 9 | Stun |  | 6 | 1405095936 | 60 | 1 | 64 | 1 | 0 | 4 | 1 | 1 | 1 | 0 |  |  |  |  |  |  | 64 | 64 | 1 | 
2522 | 娴滄梹鐦╛娑撳洩娉惇鐔恍抇閻姾娉?鐎电瓎layer) | 9 | Stun |  | 6 | 1405095936 | 60 | 1 | 72 | 1 | 0 | 5 | 1 | 1 | 1 | 0 |  |  |  |  |  |  | 72 | 72 | 1 | 
2522 | 娴滄梹鐦╛娑撳洩娉惇鐔恍抇閻姾娉?鐎电瓎layer) | 9 | Stun |  | 6 | 1405095936 | 60 | 1 | 80 | 1 | 0 | 6 | 1 | 1 | 1 | 0 |  |  |  |  |  |  | 80 | 80 | 1 | 
3224 | 閸炴劙妫琠鏉╅顨ｉ柦?7 | Stun | 8 | 1 | 1405095936 |  | 16 | 16 | 1 | 6 | 1 | 0 | 1 | 0 | 0 | 1 |  |  |  | 7 | 0 |  | 60 | 1 | 0 | 
3224 | 閸炴劙妫琠鏉╅顨ｉ柦濉ら崜?缁夋帊绗夌悮顐ｅⅵ闁?7 | Stun | 8 | 2 | 1405095936 |  | 16 | 16 | 1 | 6 | 1 | 0 | 1 | 0 | 0 | 1 |  |  |  | 7 | 0 |  | 60 | 1 | 0 | 
3224 | 閸炴劙妫琠鏉╅顨ｉ柦濉ら崥?缁夋帗妫ら柅鎺戝櫤 | 7 | Stun |  | 7 | 1405095936 | 60 | 1 | 48 | 1 | 0 | 3 | 1 | 1 | 0 | 0 |  |  | 0 |  |  |  | 48 | 48 | 1 | 
3466 | 閸炴劙妫琠閺嗘妫岄弶鈧張绡查柨浣藉喕 | 7 | Charm |  | 1 | 16384 | 63 | 1 | 80 | 3 | 0 | 32 | 1 | 1 | 0 | 0 |  |  | 1 |  |  |  | 80 | 80 | 1 | 
4027 | 閺勫孩鏆€_閸︼絾妲戞担鎱遍弮顧ラ崶鐐额攨 | 8 |  |  |  | 3758030846 | 63 | 1 | 160 | 1 | 0 | 1 | 1 | 1 | 0 | 1 |  |  | 0 |  |  |  | 160 | 160 | 1 | 
4027 | 閺勫孩鏆€_閸︼絾妲戞担鎱遍弮顧ラ崶鐐额攨 | 8 |  |  |  | 3758030846 | 63 | 1 | 160 | 1 | 0 | 2 | 1 | 1 | 0 | 1 |  |  | 0 |  |  |  | 160 | 160 | 1 | 
4028 | 閺勫孩鏆€_閸︼絾妲戞担鎱遍張鍧冮崝鐘绘／闁?8 |  | 4028 | 1 | 3758030846 |  | 160 | 160 | 1 | 1 | 1 | 0 | 1 | 0 | 1 | 1 |  |  |  |  | 0 |  | 63 | 1 | 1 | 
4028 | 閺勫孩鏆€_閸︼絾妲戞担鎱遍張鍧冮崝鐘绘／闁笟闂€鍥ㄦ烦閸旂姴鍞撮梼?8 |  | 4028 | 2 | 3758030846 |  | 160 | 160 | 1 | 1 | 1 | 0 | 1 | 0 | 1 | 1 |  |  |  |  | 0 |  | 63 | 1 | 1 | 
4028 | 閺勫孩鏆€_閸︼絾妲戞担鎱遍張鍧冮崝鐘绘／闁笟闂€鍥ㄦ烦閸旂姴鍞撮梼?8 |  | 4028 | 3 | 3758030846 |  | 160 | 160 | 1 | 1 | 1 | 0 | 1 | 0 | 1 | 1 |  |  |  |  | 0 |  | 63 | 1 | 1 | 
4053 | 閺勫孩鏆€_閹牜鏅遍弳妤€鍨淿濞屽绮?| 8 | Silence |  | 5 | 3758030846 | 63 | 1 | 64 | 1 | 0 | 1 | 1 | 1 | 0 | 0 |  |  |  |  |  |  | 64 | 64 | 1 | 
4423 | 閺勫孩鏆€_閸忓妲戦惄?8 |  | 4423 | 1 | 3758030846 |  | 160 | 160 | 1 | 1 | 3 | 1 | 1 | 0 | 1 | 1 |  |  |  |  | 0 |  | 63 | 1 | 0 | 
4423 | 瀹告彃绨惧鍍熼弰搴㈡殌_閸忓妲戦惄绔夊鍫曟毐 | 8 |  |  |  | 3758030846 | 63 | 1 | 8 | 1 | 0 | 1 | 1 | 1 | 0 | 0 |  |  | 0 | 1 |  |  | 8 | 8 | 1 | 
4423 | 瀹告彃绨惧鍍熼弰搴㈡殌_閸忓妲戦惄绔夋稉姘崳 | 8 |  |  |  | 3758030846 | 63 | 1 | 160 | 3 | 1 | 1 | 1 | 1 | 0 | 0 |  |  | 0 | 1 |  |  | 160 | 160 | 1 | 
4468 | 閺勫孩鏆€_鐡掑懐鍔?| 8 |  |  |  | 3758030846 | 63 | 1 | 16 | 1 | 0 | 1 | 1 | 0 | 0 | 0 |  |  | 1 |  |  |  | 16 | 16 | 1 | 閺勫孩鏆€/閺勫孩鏆€_鐡掑懐鍔ч幐浣虹敾閺佸牊鐏?lua
8067 | 缂傚瓨顫獴uff | 0 | Disarm |  |  | 3758030846 | 63 | 1 | 48 | 1 | 0 | 1 | 1 | 1 | 0 | 0 |  |  | 0 |  |  | 0 | 48 | 48 | 1 | 
11605 | 閻曞啰鍎?| 177 | Chaos |  |  | 3758030846 | 63 | 10 | 32 | 1 | 0 | 1 | 1 | 0 | 0 | 0 |  |  | 0 |  |  | 0 | 32 | 32 | 1 | 
12311 | 婢垛晝绮烽崷鎵純閸楀﹦顫楁稉鈧▎鈩冨娴?7 |  | 12311 | 1 | 3758030846 |  | 8 | 8 | 1 | 90 | 1 | 0 | 1 | 0 | 0 | 1 |  |  |  |  | 0 |  | 63 | 1 | 0 | 
12465 | 閸楀啯鏋婚崸鐘插暱閸掕櫣娣幐?5 |  | 12465 | 1 | 131072 |  | 1 | 1 | 1 | 1 | 1 | 0 | 1 | 0 | 0 | 1 |  |  | 0 |  | 0 |  | 63 | 1 | 0 | 
14928 | 娑旀繆娴嗙喊鐗堟寬闂呮粎顣查惇鈺傛 | 3 | Stun |  | 0 | 1405095936 | 60 | 1 | 16 | 1 | 0 | 64 | 1 | 1 | 0 | 0 | 0 |  |  |  |  |  | 16 | 16 | 1 | 
14928 | 娑旀繆娴嗙喊鐗堟寬闂呮粎顣查惇鈺傛 | 3 | Stun |  | 0 | 1405095936 | 60 | 1 | 16 | 1 | 0 | 80 | 1 | 1 | 0 | 0 | 0 |  |  |  |  |  | 16 | 16 | 1 | 
20545 | 5閸欑﹪閺堝牊纭ュǎ鐢犲〒鍛ウ | 286 |  |  |  | 3758030846 | 63 | 60 | 16 | 1 | 0 | 1 | 1 | 1 | 0 | 0 |  |  | 0 |  |  | 0 | 16 | 16 | 1 | 
27038 | 娑撳洨浼掔仦鍗炵盀_閹劖鍎?| 343 |  |  | 9 | 3758030846 | 63 | 1 | 48 | 1 | 0 | 1 | 1 | 1 | 0 | 0 |  |  | 0 |  | 0 | 0 | 48 | 48 | 1 | 
