2719 | 娑撳洩濮砡閸忚绺鹃崘鐮℃稊杈ㄧ＜闂堟帟宓?| 2 |  |  |  | 3758030846 | 63 | 1 | 160 | 1 | 0 | 1 |  |  |  |  |  |  |  | 
2719 | 娑撳洩濮砡閸忚绺鹃崘鐮℃稊杈ㄧ＜闂堟帟宓?| 2 |  |  |  | 3758030846 | 63 | 1 | 160 | 1 | 0 | 1 |  |  |  |  |  |  |  | 
2719 | 娑撳洩濮砡閸忚绺鹃崘鐮℃稊杈ㄧ＜闂堟帟宓?| 2 |  |  |  | 3758030846 | 63 | 1 | 160 | 1 | 0 | 1 |  |  |  |  |  |  |  | 
2755 | 娑撳啯妲﹂崠妤佹灍_閻晜妾?| 3 | Stun |  | 0 | 1405095936 | 60 | 1 | 16 | 1 | 0 | 0 | 0 |  |  |  |  |  |  | 
2755 | 娑撳啯妲﹂崠妤佹灍_閻晜妾?| 3 | Stun |  | 0 | 1405095936 | 60 | 1 | 16 | 1 | 0 | 0 | 0 |  |  |  |  |  |  | 
2755 | 娑撳啯妲﹂崠妤佹灍_閻晜妾?| 3 | Stun |  | 0 | 1405095936 | 60 | 1 | 16 | 1 | 0 | 0 | 0 |  |  |  |  |  |  | 
2755 | 娑撳啯妲﹂崠妤佹灍_閻晜妾?| 3 | Stun |  | 0 | 1405095936 | 60 | 1 | 16 | 1 | 0 | 0 | 0 |  |  |  |  |  |  | 
4053 | 閺勫孩鏆€_閹牜鏅遍弳妤€鍨淿濞屽绮?| 8 | Silence |  | 5 | 3758030846 | 63 | 1 | 64 | 1 | 0 | 0 |  |  |  |  |  |  |  | 
9828 | 閺冪姴鐨筥娑撳洣缍?5%閸欘垰褰旈崝鐘插櫤娴?5 |  | 9828 | 1 | 3758030846 |  | 96 | 96 | 1 | 1 | 3 | 1 |  | 1 |  | 0 |  | 0 |  | 
12321 | 闂囩偞绁︾€规繄鐓剁紓瀛橆潾閻╊喗鐖?| 6 | Silence |  | 5 | 3758030846 | 63 | 1 | 72 | 1 | 0 | 0 |  |  |  |  |  |  |  | 
12321 | 闂囩偞绁︾€规繄鐓剁紓瀛橆潾閻╊喗鐖?| 6 | Silence |  |  | 3758030846 | 63 | 1 | 32 | 1 | 0 | 0 |  |  |  |  |  |  |  | 
12321 | 闂囩偞绁︾€规繄鐓剁紓瀛橆潾閻╊喗鐖?| 6 | Silence |  | 5 | 3758030846 | 63 | 1 | 80 | 1 | 0 | 0 |  |  |  |  |  |  |  | 
12850 | 閺勫孩鏆€_妞瑰崬顧侀崜宥囩枂 | 8 |  |  |  | 3758030846 | 63 | 1 | 1040 | 1 | 0 | 0 |  | 0 |  | 0 |  |  |  | 
12850 | 閺勫孩鏆€_妞瑰崬顧侀崜宥囩枂_閺嗘鐨?| 8 |  |  |  | 3758030846 | 63 | 1 | 48 | 1 | 0 | 0 |  | 0 |  | 0 |  |  |  | 
12850 | 閺勫孩鏆€_妞瑰崬顧侀崜宥囩枂_闂勫秶浼掔亸?8 |  | 12850 | 3 | 3758030846 |  | 160 | 160 | 0 | 1 | 1 | 1 |  |  | 0 |  |  | 0 |  | 
12850 | 閺勫孩鏆€_妞瑰崬顧侀崜宥囩枂_閺冦儲婀€閸氬矁绶?| 8 |  |  |  | 4294967295 | 63 | 1 | 1920 | 1 | 0 | 0 |  | 0 |  | 0 |  |  |  | 
12850 | 閺勫孩鏆€_妞瑰崬顧侀崜宥囩枂_婢堕攱鏆熺粊鐐插帨 | 8 |  |  |  | 3758030846 | 63 | 1 | 1920 | 1 | 0 | 0 |  | 0 |  | 0 |  |  |  | 
16911 | 闂€鎸庣摃閻楄鐣╁锕€娅抇濮婂懓濮虫径褏娴?| 39 |  |  |  | 3758030846 | 63 | 1 | 8 | 1 | 0 | 0 |  |  | 0 | 0 |  |  | 0 | item/濮婂懓濮虫径褏娴?lua
20052 | 闁棔璐?| 282 | Damage |  |  | 3758030846 | 63 | 9 | 32 | 8 | 1 | 0 | 1 |  | 1 |  |  |  |  | 閸栨銇夐懡顖氱暬/婵傛鐭鹃崣濠傜摍閹垛偓閼?閸栨銇夐懡顖氱暬_闁棔璐＄紒鎾存将.lua
20052 | 闁棔璐?| 282 | Damage |  |  | 3758030846 | 63 | 9 | 32 | 8 | 1 | 0 | 1 |  | 1 |  |  |  |  | 閸栨銇夐懡顖氱暬/婵傛鐭鹃崣濠傜摍閹垛偓閼?閸栨銇夐懡顖氱暬_闁棔璐＄紒鎾存将.lua
20052 | 闁棔璐?| 282 | Damage |  |  | 3758030846 | 63 | 9 | 32 | 8 | 1 | 0 | 1 |  | 1 |  |  |  |  | 閸栨銇夐懡顖氱暬/婵傛鐭鹃崣濠傜摍閹垛偓閼?閸栨銇夐懡顖氱暬_闁棔璐＄紒鎾存将.lua
20052 | 闁棔璐?| 282 | Damage |  |  | 3758030846 | 63 | 9 | 32 | 8 | 1 | 0 | 1 |  | 1 |  |  |  |  | 閸栨銇夐懡顖氱暬/婵傛鐭鹃崣濠傜摍閹垛偓閼?閸栨銇夐懡顖氱暬_闁棔璐＄紒鎾存将.lua
20052 | 闁棔璐?| 282 | Damage |  |  | 3758030846 | 63 | 9 | 32 | 8 | 1 | 0 | 1 |  | 1 |  |  |  |  | 閸栨銇夐懡顖氱暬/婵傛鐭鹃崣濠傜摍閹垛偓閼?閸栨銇夐懡顖氱暬_闁棔璐＄紒鎾存将.lua
20052 | 闁棔璐?| 282 | Damage |  |  | 3758030846 | 63 | 9 | 32 | 8 | 1 | 0 | 1 |  | 1 |  |  |  |  | 閸栨銇夐懡顖氱暬/婵傛鐭鹃崣濠傜摍閹垛偓閼?閸栨銇夐懡顖氱暬_闁棔璐＄紒鎾存将.lua
20052 | 闁棔璐?| 282 | Damage |  |  | 3758030846 | 63 | 9 | 32 | 8 | 1 | 0 | 1 |  | 1 |  |  |  |  | 閸栨銇夐懡顖氱暬/婵傛鐭鹃崣濠傜摍閹垛偓閼?閸栨銇夐懡顖氱暬_闁棔璐＄紒鎾存将.lua
20052 | 闁棔璐?| 282 | Damage |  |  | 3758030846 | 63 | 9 | 32 | 8 | 1 | 0 | 1 |  | 1 |  |  |  |  | 閸栨銇夐懡顖氱暬/婵傛鐭鹃崣濠傜摍閹垛偓閼?閸栨銇夐懡顖氱暬_闁棔璐＄紒鎾存将.lua
20052 | 闁棔璐?| 282 | Damage |  |  | 3758030846 | 63 | 9 | 32 | 8 | 1 | 0 | 1 |  | 1 |  |  |  |  | 閸栨銇夐懡顖氱暬/婵傛鐭鹃崣濠傜摍閹垛偓閼?閸栨銇夐懡顖氱暬_闁棔璐＄紒鎾存将.lua
20052 | 闁棔璐?| 282 | Damage |  |  | 3758030846 | 63 | 9 | 32 | 8 | 1 | 0 | 1 |  | 1 |  |  |  |  | 閸栨銇夐懡顖氱暬/婵傛鐭鹃崣濠傜摍閹垛偓閼?閸栨銇夐懡顖氱暬_闁棔璐＄紒鎾存将.lua
20151 | 閻х偓鍨鍌炴瑜版洟鈧氨鏁ゅ▽澶愮帛 | 289 |  |  |  | 3758030846 | 63 | 1 | 16 | 1 | 0 | 0 |  |  |  | 0 |  |  | 0 | 
20152 | 閻х偓鍨鍌炴瑜版洖宕伴悽?290 |  | 20152 | 1 | 4294967294 |  | 0 | 0 | 1 | 1 | 1 | 1 |  |  |  | 0 |  | 0 |  | 
22894 | 妤ｃ倕缍婇幎銈囨禈 | 6 | Shield |  |  | 3758030846 | 63 | 1 | 80 | 1 | 0 | 0 |  |  |  | 0 |  |  | 0 | 
22894 | 妤ｃ倕缍婇幎銈囨禈 | 6 | Shield |  |  | 3758030846 | 63 | 1 | 80 | 1 |  |  |  |  |  |  |  |  | 0 | 
28433 | 娴滃娆㈡總鏍уСCD_445 | 320 |  |  |  | 4294967295 | 63 | 1 | 960 | 1 | 0 | 0 |  | 1 |  | 0 |  | 0 | 0 | 
28433 | 娴滃娆㈡總鏍уСCD_449 | 320 |  |  |  | 4294967295 | 63 | 1 | 960 | 1 | 0 | 0 |  | 1 |  | 0 |  | 0 | 0 | 
28433 | 娴滃娆㈡總鏍уСCD | 320 |  |  |  | 4294967295 | 63 | 1 | 960 | 1 | 0 | 0 |  | 1 |  | 0 |  | 0 | 0 | 
33260 | 闁氨鏁ゅВ蹇曨潡閸掋倕鐣?| 468 |  |  |  | 4294967294 | 63 | 99 | 16 | 1 | 0 | 0 |  |  |  | 0 |  | 0 | 0 | 
50379 | 閸屽秷濮抽梾蹇旂叾鐎圭偤妾▽澶愮帛 | 2 | Silence | Invalid | 5 | 4294901758 | 7 | 1 | 64 | 1 | 0 | 0 |  |  |  |  |  |  |  | 
51318 | 缂佹繂顣╛鐎涙棃娉欑紙搴杺婢舵牔婵€鐎?187 | Slow | 51318 | 1 | 4294901758 | 0 | 128 | 128 | 1 | 1 | 8 | 1 |  |  |  |  | -1 | 0 |  | 
51354 | 缂佹繂顣╛閼卞倷绨柅鐔峰閸欐ɑ鍙?| 187 | Normal | Invalid | -1 | 4294901758 | 7 | 1 | 128 | 1 | 0 | 0 |  |  |  | 0 |  | 0 |  | 
51858 | 缂佹繂顣╛娑撴劕搴滈柨浣藉喕 | 187 | Charm |  | 8 | 3758030846 |  | 1 | 32 | 1 | 0 | 0 |  |  |  |  |  | 0 |  | 
