1512 | 閼婚亶娉熸径鈺佺摍瀹勭櫖1閸欑oss鐠嬵澀绨ù涔㈡稉澶嬪閸栨牜鏁揰闁夸浇鍐?| Charm |  |  | 1405108224 | 60 | 1 | 80 | 1 | 1 | 1 | 0 |  | 
1801 | 閽樺繐澧韫囶偄澧?0缁狙冨敶閸旂剤閻滃纭ユジ鑹扮┈闁夸浇鍐?| Charm |  |  | 1405108224 | 60 | 1 | 32 | 1 | 1 | 1 | 0 |  | 
1801 | 閽樺繐澧韫囶偄澧?0缁狙冨敶閸旂剤閻滃纭ユジ鑹扮┈闁夸浇鍐?| Charm |  |  | 1405108224 | 60 | 1 | 64 | 1 | 1 | 1 | 0 |  | 
1801 | 閽樺繐澧韫囶偄澧?0缁狙冨敶閸旂剤閻滃纭ユジ鑹扮┈闁夸浇鍐?| Charm |  |  | 1405108224 | 60 | 1 | 80 | 1 | 1 | 1 | 0 |  | 
1931 | 閸氭劖鏅犵痪铏煀_闁夸浇鍐?| Charm |  | 8 | 1405108224 | 60 | 1 | 48 | 1 | 1 | 1 | 0 | 0 | 
1932 | 閸氭劖鏅犵痪铏煀_鐞氼偄鍤柨浣藉喕CDbuff |  |  |  | 3758030846 | 63 | 1 | 320 | 1 | 1 | 1 | 0 |  | 
2302 | 濮ｆ帞顨ｅ▓绺氭ご宥囷供娓氱嚭鎼存碍鐦ㄨ矾閾氭娲揰闁夸浇鍐?|  |  |  | 3758030846 | 63 | 1 | 80 | 1 | 1 | 1 | 0 |  | 
2302 | 濮ｆ帞顨ｅ▓绺氭ご宥囷供娓氱嚭鎼存碍鐦ㄨ矾閾氭娲揰闁夸浇鍐?|  |  |  | 3758030846 | 63 | 1 | 80 | 1 | 1 | 1 | 0 |  | 
2504 | 娴滄梹鐦╛鐎圭姷澧縚閾?闁夸浇鍐? | Charm |  |  | 1405108224 | 60 | 1 | 64 | 1 | 1 | 1 | 0 |  | 
3113 | 閼芥槒濮抽崷锝嗩問_7閸欑āOSS_濞屾瑥鍩勬禍姝橀柨浣藉喕 |  |  |  | 1405108224 | 60 | 1 | 160 | 1 | 1 | 1 | 0 |  | 
3143 | 閸楁鐦″鎾冲徍_鐟佸倿妲肩粻鐠ら柨浣藉喕 | Charm |  | 1 | 1942044672 | 60 | 1 | 80 | 1 | 1 | 1 | 0 |  | 
3196 | 缁佺偛澧ら崘顣呴悳澶嬬閻滃嫭妲慱娑撳澧犻崠鏍晸_闁夸浇鍐?| Charm |  |  | 3758030846 | 63 | 1 | 80 | 1 | 1 | 1 | 0 |  | 
3466 | 閸炴劙妫琠閺嗘妫岄弶鈧張绡查柨浣藉喕 | Charm |  | 1 | 16384 | 63 | 1 | 80 | 3 | 1 | 1 | 0 |  | 
3555 | 娴滄梹鐦╛閾斿﹨娅曢悮顔俱偔_閾﹀骸鐡檁闁夸浇鍐?| Charm |  | 1 | 1405108224 | 60 | 1 | 80 | 1 | 1 | 1 | 0 |  | 
3636 | 閼芥槒濮抽崷锝嗩問_閽樺繐澧ゅ锕€娅掗悧瑙勬櫏_闁夸浇鍐?|  |  |  | 3758030846 | 63 | 1 | 16 | 1 | 1 | 1 | 0 |  | 
3636 | 閼芥槒濮抽崷锝嗩問_閽樺繐澧ゅ锕€娅掗悧瑙勬櫏_闁夸浇鍐?|  |  |  | 3758030846 | 63 | 1 | 64 | 1 | 1 | 1 | 0 |  | 
3932 | 閸炴劙妫导姘灛_闁挸鍙跨紒鐐叉瀱闁夸浇鍐?|  |  |  | 3758030846 | 63 | 1 | 46 | 1 | 1 | 1 | 0 |  | 
3957 | 閹镐礁娴楅崶鐐茬箓瑜版槪缁鳖偊鎷盻缁鳖偊顥撴鐐烘櫦_闁夸浇鍐?|  |  |  | 3758030846 | 63 | 1 | 80 | 1 | 1 | 1 | 0 |  | 
4038 | 闁夸浇鍐?|  |  |  | 3758030846 | 63 | 1 | 16 | 1 | 1 | 1 | 0 |  | 
4055 | 閺勫孩鏆€_濞翠礁鍘滈崶姘_闁夸浇鍐?| Charm |  |  | 3758030846 | 63 | 1 | 8 | 1 | 1 | 1 | 0 |  | 
4390 | 閸楁鐦￠惃鍥ь唫_閺嬵垵宕虫径褍绗€_鐏忔垵鏅㈤崜鎱遍柨浣藉喕 |  |  |  | 1342193664 | 60 | 1 | 112 | 1 | 1 | 1 | 0 |  | 
4390 | 閸楁鐦￠惃鍥ь唫_閺嬵垵宕虫径褍绗€_鐏忔垵鏅㈤崜鎱遍柨浣藉喕 |  |  |  | 1342193664 | 60 | 1 | 112 | 1 | 1 | 1 | 0 |  | 
4391 | 閸楁鐦￠惃鍥ь唫_閺嬵垵宕虫径褍绗€_閸熷棝妲奸崜鎱遍柨浣藉喕 |  |  |  | 1342193664 | 60 | 1 | 112 | 1 | 1 | 1 | 0 |  | 
4391 | 閸楁鐦￠惃鍥ь唫_閺嬵垵宕虫径褍绗€_閸熷棝妲奸崜鎱遍柨浣藉喕 |  |  |  | 1342193664 | 60 | 1 | 112 | 1 | 1 | 1 | 0 |  | 
4392 | 閸楁鐦￠惃鍥ь唫_閺嬵垵宕虫径褍绗€_娑擃厼鍟块崜鎱遍柨浣藉喕 |  |  |  | 1342193664 | 60 | 1 | 112 | 1 | 1 | 1 | 0 |  | 
4392 | 閸楁鐦￠惃鍥ь唫_閺嬵垵宕虫径褍绗€_娑擃厼鍟块崜鎱遍柨浣藉喕 |  |  |  | 1342193664 | 60 | 1 | 112 | 1 | 1 | 1 | 0 |  | 
4393 | 閸楁鐦￠惃鍥ь唫_閺嬵垵宕虫径褍绗€_閸忓啿鍟块崜鎱遍柨浣藉喕 |  |  |  | 1342193664 | 60 | 1 | 112 | 1 | 1 | 1 | 0 |  | 
4393 | 閸楁鐦￠惃鍥ь唫_閺嬵垵宕虫径褍绗€_閸忓啿鍟块崜鎱遍柨浣藉喕 |  |  |  | 1342193664 | 60 | 1 | 112 | 1 | 1 | 1 | 0 |  | 
4394 | 閸楁鐦￠惃鍥ь唫_閺嬵垵宕虫径褍绗€_鐏忔垵鍟块崜鎱遍柨浣藉喕 |  |  |  | 1342193664 | 60 | 1 | 112 | 1 | 1 | 1 | 0 |  | 
4394 | 閸楁鐦￠惃鍥ь唫_閺嬵垵宕虫径褍绗€_鐏忔垵鍟块崜鎱遍柨浣藉喕 |  |  |  | 1342193664 | 60 | 1 | 112 | 1 | 1 | 1 | 0 |  | 
4395 | 閸楁鐦￠惃鍥ь唫_閺嬵垵宕虫径褍绗€_鐏忔垶杈伴崜鎱遍柨浣藉喕 |  |  |  | 1342193664 | 60 | 1 | 112 | 1 | 1 | 1 | 0 |  | 
4395 | 閸楁鐦￠惃鍥ь唫_閺嬵垵宕虫径褍绗€_鐏忔垶杈伴崜鎱遍柨浣藉喕 |  |  |  | 1342193664 | 60 | 1 | 112 | 1 | 1 | 1 | 0 |  | 
4436 | 閺勫孩鏆€_婢舵粌寮惰箛鍍熼柨浣藉喕 | Charm |  | 1 | 1342193664 | 60 | 1 | 64 | 1 | 1 | 1 | 0 |  | 
4446 | 缁佺偛澧ら崘顣呴幃鏌ョ摕妤椼儳浼€_楠炶姤婀€闁夸浇鍐?| Charm |  |  | 3758030846 | 63 | 1 | 48 | 1 | 1 | 1 | 0 |  | 
4758 | 閺勫孩鏆€_缁夋鐫刜閹牜鏅遍弳妤€鍨滈梾鎰煩闁夸浇鍐?| Charm |  | 1 | 1342193664 | 60 | 1 | 64 | 1 | 1 | 1 | 0 |  | 
