# MapList maps with InvalidBuffMask != 0 (id, name, mask, set bits)
6	扬州	16	4
8	洛阳	16	4
14	灵霄峡	131	0,1,7
15	长安	16	4
17	天工坊	131	0,1,7
18	无盐岛	131	0,1,7
19	空雾峰	131	0,1,7
20	天地三才阵	131	0,1,7
26	荻花宫前山	131	0,1,7
28	日轮山城	131	0,1,7
29	五十级云湖天池	256	8
32	战宝迦兰	131	0,1,7
33	天子峰	131	0,1,7
34	风雨稻香村	131	0,1,7
36	英雄天地三才阵	131	0,1,7
37	英雄天工坊	131	0,1,7
38	神农洇	256	8
39	四十级云湖天池	256	8
40	英雄荻花宫前山	131	0,1,7
41	英雄无盐岛	131	0,1,7
42	英雄天子峰	131	0,1,7
43	英雄空雾峰	131	0,1,7
44	英雄日轮山城	131	0,1,7
45	英雄灵霄峡	131	0,1,7
46	英雄战宝迦兰	131	0,1,7
47	英雄风雨稻香村	131	0,1,7
48	珍珑棋谷	256	8
50	丝绸之路	256	8
51	剑冢	131	0,1,7
52	七十级云湖天池	256	8
53	邀星坪_夜射天狼	131	0,1,7
55	守株围场_打猎	131	0,1,7
56	困龙岭_梅花桩	131	0,1,7
57	陷空坳_宇文宝藏	131	0,1,7
58	百草园	6	1,2
60	持国天王殿	131	0,1,7
61	宫中神武遗迹	131	0,1,7
62	英雄剑冢	131	0,1,7
63	英雄宫中神武遗迹	131	0,1,7
64	25人普通宫中神武遗迹	131	0,1,7
65	25人普通持国天王殿	131	0,1,7
66	英雄持国天王殿	131	0,1,7
67	荻花宫后山	131	0,1,7
68	荻花圣殿	131	0,1,7
69	10人英雄荻花圣殿	131	0,1,7
70	25人普通荻花圣殿	131	0,1,7
71	仙踪林	131	0,1,7
72	25人英雄荻花圣殿	131	0,1,7
73	英雄荻花宫后山	131	0,1,7
74	帮会领地	6	1,2
75	毒神殿	131	0,1,7
106	法王窟	131	0,1,7
107	无量宫	131	0,1,7
108	成都	16	4
109	龙渊泽	131	0,1,7
110	寂灭厅	131	0,1,7
111	英雄仙踪林	131	0,1,7
112	英雄毒神殿	131	0,1,7
113	英雄寂灭厅	131	0,1,7
114	英雄无量宫	131	0,1,7
115	英雄法王窟	131	0,1,7
116	低级仙踪林	131	0,1,7
117	25人英雄龙渊泽	131	0,1,7
118	25人普通龙渊泽	131	0,1,7
119	10人英雄龙渊泽	131	0,1,7
120	荻花洞窟	131	0,1,7
121	英雄神农洇	256	8
123	低级唐门密室	131	0,1,7
125	唐门密室	131	0,1,7
126	神剑冢	131	0,1,7
127	天山碎冰谷	8	3
128	乐山大佛窟	8	3
129	华山之巅	8	3
130	英雄荻花洞窟	131	0,1,7
131	持国天王回忆录	131	0,1,7
133	25人英雄烛龙殿	128	7
134	烛龙殿	128	7
135	三国古战场	256	8
136	会战唐门	131	0,1,7
137	大漠楼兰	8	3
138	25人英雄会战唐门	131	0,1,7
140	南诏皇宫	131	0,1,7
141	光明顶秘道	131	0,1,7
142	低级光明顶秘道	131	0,1,7
143	试炼秘境1	32	5
144	试炼秘境2	32	5
145	试炼秘境3	32	5
146	试炼秘境4	32	5
147	试炼秘境5	32	5
148	英雄持国回忆录	131	0,1,7
149	帮会约战	256	8
152	大唐监狱	64	6
155	英雄南诏皇宫	131	0,1,7
157	英雄一线天	131	0,1,7
159	丐帮	131	0,1,7
160	战宝军械库	131	0,1,7
161	华清宫	131	0,1,7
162	英雄华清宫	131	0,1,7
163	华清宫回忆录	131	0,1,7
164	大明宫	128	7
165	英雄大明宫	128	7
167	一线天	131	0,1,7
169	流离岛	131	0,1,7
170	英雄流离岛	131	0,1,7
171	英雄战宝军械库	131	0,1,7
172	长安内城	16	4
173	齐物阁	8	3
174	迷仙引	131	0,1,7
175	血战天策	128	7
176	英雄血战天策	128	7
177	风雪稻香村	128	7
178	英雄风雪稻香村	128	7
179	直城门	131	0,1,7
181	狼影殿	8	3
182	秦皇陵	128	7
183	英雄秦皇陵	128	7
184	墨家秘殿	131	0,1,7
186	冷香丘	256	8
187	春明门	131	0,1,7
189	寻宝洞_野人谷	131	0,1,7
190	寻宝洞_夜狼山	131	0,1,7
191	太原之战_夜守孤城	128	7
192	太原之战_逐虎驱狼	128	7
193	苍云	131	0,1,7
194	太原	16	4
195	雁门关之役	131	0,1,7
196	普通雁门关之役	131	0,1,7
197	苍云血誓	131	0,1,7
198	英雄太原之战_夜守孤城	128	7
199	英雄太原之战_逐虎驱狼	128	7
200	璨翠海厅	131	0,1,7
203	天泣林	131	0,1,7
204	阴山圣泉	131	0,1,7
205	挑战太原之战_夜守孤城	128	7
206	挑战太原之战_逐虎驱狼	128	7
209	梵空禅院	131	0,1,7
211	10人挑战太原之战_夜守孤城	128	7
212	10人挑战太原之战_逐虎驱狼	128	7
213	长歌门	131	0,1,7
218	引仙水榭	131	0,1,7
219	微山书院	131	0,1,7
220	永王行宫_仙侣庭园	128	7
221	永王行宫_花月别院	128	7
222	挑战璨翠海厅	131	0,1,7
224	英雄天泣林	131	0,1,7
225	英雄微山书院	131	0,1,7
227	英雄阴山圣泉	131	0,1,7
228	英雄梵空禅院	131	0,1,7
229	英雄引仙水榭	131	0,1,7
230	英雄永王行宫_花月别院	128	7
231	英雄永王行宫_仙侣庭园	128	7
232	帮会永王行宫_仙侣庭园	128	7
233	帮会永王行宫_花月别院	128	7
234	10人挑战永王行宫_仙侣庭园	128	7
235	10人挑战永王行宫_花月别院	128	7
236	25人挑战永王行宫_仙侣庭园	128	7
237	25人挑战永王行宫_花月别院	128	7
238	青竹书院	8	3
240	上阳宫_观风殿	128	7
241	上阳宫_双曜亭	128	7
242	白帝水宫	131	0,1,7
243	霸刀山庄	131	0,1,7
244	挑战白帝水宫	131	0,1,7
245	大梦迷境	131	0,1,7
246	星海幻景	131	0,1,7
247	梦回稻香	32	5
248	英雄上阳宫_观风殿	128	7
249	英雄上阳宫_双曜亭	128	7
250	帮会上阳宫_观风殿	128	7
251	帮会上阳宫_双曜亭	128	7
256	夕颜阁	131	0,1,7
257	英雄夕颜阁	131	0,1,7
258	素月清秋	131	0,1,7
260	挑战夕颜阁	131	0,1,7
261	天街灯市	131	0,1,7
262	刀轮海厅	131	0,1,7
263	风雷刀谷_锻刀厅	128	7
264	风雷刀谷_千雷殿	128	7
270	英雄风雷刀谷_千雷殿	128	7
271	英雄风雷刀谷_锻刀厅	128	7
272	帮会风雷刀谷_千雷殿	128	7
273	帮会风雷刀谷_锻刀厅	128	7
274	春节天街灯市	131	0,1,7
275	挑战刀轮海厅	131	0,1,7
276	拭剑园	16	4
277	拭剑台	8	3
278	拭剑园	16	4
279	拭剑园	16	4
280	拭剑园	16	4
281	拭剑园	16	4
283	狼牙堡_战兽山	128	7
284	狼牙堡_燕然峰	128	7
285	银雾湖	131	0,1,7
286	英雄狼牙堡_战兽山	128	7
287	英雄狼牙堡_燕然峰	128	7
288	帮会狼牙堡_战兽山	128	7
289	帮会狼牙堡_燕然峰	128	7
290	挑战银雾湖	131	0,1,7
291	稻香秘事	131	0,1,7
292	英雄稻香秘事	131	0,1,7
293	拭剑园战场	16	4
295	挑战稻香秘事	131	0,1,7
296	龙门寻宝	8	3
297	龙门寻宝_夜晚	8	3
298	狼牙堡_辉天堑	128	7
299	狼牙堡_狼神殿	128	7
300	英雄狼牙堡_辉天堑	128	7
301	英雄狼牙堡_狼神殿	128	7
303	历战_空雾峰	131	0,1,7
304	历战_天子峰	131	0,1,7
305	历战_寂灭厅	131	0,1,7
306	历战_毒神殿	131	0,1,7
307	历战_荻花圣殿	131	0,1,7
308	历战_风雷刀谷	131	0,1,7
309	历战_风雨稻香村	131	0,1,7
310	历战_灵霄峡	131	0,1,7
311	历战_南诏皇宫	131	0,1,7
312	历战_日轮山城	131	0,1,7
313	历战_天地三才阵	131	0,1,7
314	历战_无盐岛	131	0,1,7
315	历战_英雄风雨稻香村	131	0,1,7
316	历战_荻花洞窟	131	0,1,7
317	历战_烛龙殿	131	0,1,7
318	历战_持国天王殿	131	0,1,7
321	思过园	16	4
322	洛道_李渡城	256	8
323	帮会狼牙堡_辉天堑	128	7
324	帮会狼牙堡_狼神殿	128	7
332	侠客岛	16	4
337	洞天福地岛_泥兰洞天	131	0,1,7
339	经首道源岛_大衍盘丝洞	131	0,1,7
340	龙泉府_镜泊湖	131	0,1,7
341	冰火岛_荒血路	128	7
342	蓬莱_九辩馆	131	0,1,7
343	英雄侠客岛_迷渊岛	131	0,1,7
347	冰火岛_青莲狱	128	7
348	英雄冰火岛_青莲狱	128	7
349	挑战冰火岛_青莲狱	128	7
350	帮会冰火岛_青莲狱	128	7
354	英雄冰火岛_荒血路	128	7
355	英雄大衍盘丝洞	131	0,1,7
356	英雄洞天福地岛_泥兰洞天	131	0,1,7
357	英雄镜泊湖	131	0,1,7
358	侠客岛_迷渊岛	131	0,1,7
359	英雄蓬莱_九辩馆	131	0,1,7
360	挑战冰火岛_荒血路	128	7
361	帮会冰火岛_荒血路	128	7
362	墟海之眼	8	3
364	尘归海_巨冥湾	128	7
365	英雄尘归海_巨冥湾	128	7
366	挑战尘归海_巨冥湾	128	7
368	尘归海_饕餮洞	128	7
369	英雄尘归海_饕餮洞	128	7
370	挑战尘归海_饕餮洞	128	7
406	鲲鹏岛_周天屿	131	0,1,7
407	挑战鲲鹏岛_周天屿	131	0,1,7
410	海岛绝境	8	3
412	列星岛	8	3
413	望扬镇_压力测试	16	4
414	扬州_望扬镇_家园_004	16	4
415	野狸岛	256	8
421	浪客行_悬棺裂谷	171	0,1,3,5,7
422	浪客行_草原路	171	0,1,3,5,7
423	浪客行_东水寨	171	0,1,3,5,7
424	浪客行_竹林路	171	0,1,3,5,7
425	浪客行_鬼镇	171	0,1,3,5,7
426	敖龙岛	128	7
427	25人普通敖龙岛	128	7
428	25人英雄敖龙岛	128	7
431	凌雪阁_别鹤南墅	131	0,1,7
432	英雄凌雪阁_别鹤南墅	131	0,1,7
433	浪客行_客栈	171	0,1,3,5,7
434	浪客行_森林路	171	0,1,3,5,7
435	浪客行_华清宫回忆录	171	0,1,3,5,7
436	浪客行_枫华谷	171	0,1,3,5,7
437	浪客行_空雾峰	171	0,1,3,5,7
438	浪客行_荻花宫前山	171	0,1,3,5,7
439	浪客行_荻花洞窟	171	0,1,3,5,7
440	浪客行_黑戈壁	171	0,1,3,5,7
441	浪客行_九寨沟	171	0,1,3,5,7
442	浪客行_明教	171	0,1,3,5,7
443	浪客行_永王行宫_仙侣庭园	171	0,1,3,5,7
446	试炼之地	32	5
451	雪山温泉	131	0,1,7
452	范阳夜变	128	7
453	25人普通范阳夜变	128	7
454	25人英雄范阳夜变	128	7
455	扬州_广陵邑_家园	16	4
457	望扬镇_单房屋测试	16	4
461	浪客行_樱花林	171	0,1,3,5,7
462	九寨沟_家园	16	4
463	七秀_家园	16	4
465	望扬镇_单房屋	16	4
468	藏剑山庄_乱世_剑冢惊变	131	0,1,7
469	英雄藏剑山庄_乱世_剑冢惊变	131	0,1,7
471	扬州_枫叶泊_家园	16	4
476	衍天宗_梦入集真岛	131	0,1,7
477	七秀_乱世_梧桐山庄	131	0,1,7
478	英雄七秀_乱世_梧桐山庄	131	0,1,7
479	少林_乱世_罗汉门	131	0,1,7
480	英雄少林_乱世_罗汉门	131	0,1,7
481	英雄衍天宗_梦入集真岛	131	0,1,7
482	少林_乱世_达摩洞	128	7
483	25人普通达摩洞	128	7
484	25人英雄达摩洞	128	7
486	扬州_枫叶泊天苑_家园	16	4
487	镜花别院	128	7
489	万花_乱世_三星望月	131	0,1,7
490	英雄万花_乱世_三星望月	131	0,1,7
512	白龙绝境	8	3
515	帮会联赛	256	8
517	少林_乱世_修罗挑战	128	7
518	白帝江关	128	7
519	25人普通白帝江关	128	7
520	25人英雄白帝江关	128	7
521	相州_漳水南路	131	0,1,7
522	挑战相州_漳水南路	131	0,1,7
527	浪客行_浮丘岛	171	0,1,3,5,7
528	浪客行_桂林	171	0,1,3,5,7
529	藏剑武库	8	3
530	墟海之眼_演武场	8	3
531	东水寨	131	0,1,7
532	天原绝境	8	3
559	黑山林海_雷域大泽	128	7
560	25人普通雷域大泽	128	7
561	25人英雄雷域大泽	128	7
562	百战异闻录	128	7
563	北天药宗_武氏别院	131	0,1,7
564	英雄北天药宗_武氏别院	131	0,1,7
565	个人家园_广陵邑	16	4
567	原野奇踪	131	0,1,7
573	河阳之战	128	7
574	25人普通河阳之战	128	7
575	25人英雄河阳之战	128	7
586	润扬_西津渡	128	7
587	25人普通西津渡	128	7
588	25人英雄西津渡	128	7
589	羊村	256	8
594	剧本杀测试场景02	128	7
596	烂柯山_沃石院	131	0,1,7
597	英雄烂柯山_沃石院	131	0,1,7
598	百溪_镇海阁	131	0,1,7
599	百溪_英雄镇海阁	131	0,1,7
606	刀宗_幽藤馆	131	0,1,7
607	刀宗_英雄幽藤馆	131	0,1,7
608	个人家园_社区	16	4
620	首领扮演范阳夜变	128	7
622	楚州_江天夜宴	131	0,1,7
623	英雄楚州_江天夜宴	131	0,1,7
624	沃石火狱	8	3
625	剧本杀测试场景02	16	4
629	磐渊_古剑台	131	0,1,7
631	沙海迷踪	171	0,1,3,5,7
636	武狱黑牢	128	7
637	25人普通武狱黑牢	128	7
638	25人英雄武狱黑牢	128	7
639	鹿桥驿	131	0,1,7
640	挑战鹿桥驿	131	0,1,7
644	相知相遇_黄龙洞	131	0,1,7
645	洱海绝境	8	3
648	九老洞	128	7
649	25人普通九老洞	128	7
650	25人英雄九老洞	128	7
658	栖灵洞天	131	0,1,7
659	英雄栖灵洞天	131	0,1,7
662	罗小黑建木海	131	0,1,7
668	冷龙峰	128	7
669	25人普通冷龙峰	128	7
670	25人英雄冷龙峰	128	7
674	江南_花楹_家园	16	4
676	龙门寻宝	8	3
677	龙门寻宝	8	3
682	南诏段氏_天龙寺	131	0,1,7
683	英雄南诏段氏_天龙寺	131	0,1,7
684	河西瀚漠_冰川宫宝库	131	0,1,7
685	英雄河西瀚漠_冰川宫宝库	131	0,1,7
686	一之窟	128	7
687	25人普通一之窟	128	7
688	25人英雄一之窟	128	7
689	帮会联赛_2024	256	8
690	风砂旧垒	131	0,1,7
691	英雄风砂旧垒	131	0,1,7
693	不染窟	131	0,1,7
694	英雄不染窟	131	0,1,7
696	南诏段氏_红叶泽	8	3
698	联动地图_秦时明月	131	0,1,7
703	联动地图_仙剑一_圣灵挑战	131	0,1,7
704	联动地图_仙剑一_魔界缝隙	131	0,1,7
706	长安_太极宫	128	7
707	25人普通太极宫	128	7
708	25人英雄太极宫	128	7
709	林海绝境	8	3
710	长安_空城殿	128	7
711	长安_空城殿_下	128	7
712	雪域关城	256	8
715	林海绝境	8	3
716	无相楼_贾府	131	0,1,7
717	无相楼_却月楼	131	0,1,7
719	玄中观地下	131	0,1,7
720	缚罪之渊	128	7
722	伊丽川_会战弓月城	128	7
723	25人普通会战弓月城	128	7
724	25人英雄会战弓月城	128	7
725	獭山岛	131	0,1,7
726	英雄獭山岛	131	0,1,7
727	伊丽川_摩罗道_低级1	131	0,1,7
728	伊丽川_摩罗道_低级2	131	0,1,7
729	伊丽川_踏实力_低级40	131	0,1,7
730	伊丽川_踏实力_中级41	131	0,1,7
731	伊丽川_踏实力_高级45	131	0,1,7
732	伊丽川_诺布众_高级34	131	0,1,7
733	伊丽川_诺布众_低级37	131	0,1,7
734	伊丽川_踏实力_低级44	131	0,1,7
735	伊丽川_踏实力_中级50	131	0,1,7
736	伊丽川_踏实力_低级53	131	0,1,7
737	伊丽川_踏实力_高级63	131	0,1,7
738	伊丽川_踏实力_低级66	131	0,1,7
739	伊丽川_踏实力_低级67	131	0,1,7
740	伊丽川_踏实力_中级68	131	0,1,7
741	伊丽川_诺布众_中级71	131	0,1,7
742	伊丽川_踏实力_中级72	131	0,1,7
743	伊丽川_吐蕃僧_高级73	131	0,1,7
744	伊丽川_吐蕃僧_低级79	131	0,1,7
745	伊丽川_诺布众_低级81	131	0,1,7
746	伊丽川_吐蕃军队_低级82	131	0,1,7
747	伊丽川_吐蕃军队_中级83	131	0,1,7
748	伊丽川_吐蕃军队_中级91	131	0,1,7
749	伊丽川_突骑施_低级100	131	0,1,7
750	伊丽川_踏实力_低级101	131	0,1,7
751	伊丽川_踏实力_中级104	131	0,1,7
752	伊丽川_踏实力_低级105	131	0,1,7
753	伊丽川_吐蕃军队_低级106	131	0,1,7
754	伊丽川_吐蕃军队_中级109	131	0,1,7
755	伊丽川_踏实力_低级111	131	0,1,7
756	伊丽川_踏实力_低级118	131	0,1,7
757	伊丽川_吐蕃军队_高级119	131	0,1,7
758	伊丽川_吐蕃军队_低级132	131	0,1,7
759	伊丽川_星宿派_中级137	131	0,1,7
760	伊丽川_吐蕃军队_低级139	131	0,1,7
761	伊丽川_星宿派_中级151	131	0,1,7
762	伊丽川_踏实力_低级174	131	0,1,7
763	伊丽川_踏实力_中级175	131	0,1,7
764	伊丽川_吐蕃僧_低级178	131	0,1,7
765	伊丽川_吐蕃僧_中级181	131	0,1,7
766	伊丽川_踏实力_高级182	131	0,1,7
767	伊丽川_踏实力_低级184	131	0,1,7
768	伊丽川_踏实力_低级188	131	0,1,7
769	伊丽川_踏实力_中级190	131	0,1,7
770	伊丽川_星宿派_中级192	131	0,1,7
771	伊丽川_突骑施_低级212	131	0,1,7
772	伊丽川_踏实力_低级213	131	0,1,7
773	伊丽川_吐蕃军队_低级215	131	0,1,7
774	伊丽川_突骑施_低级217	131	0,1,7
775	伊丽川_吐蕃僧_中级219	131	0,1,7
776	伊丽川_星宿派_高级225	131	0,1,7
777	伊丽川_吐蕃军队_中级1	131	0,1,7
778	伊丽川_吐蕃军队_高级1	131	0,1,7
779	伊丽川_吐蕃军队_低级1	131	0,1,7
780	伊丽川_摩罗道_中级1	131	0,1,7
781	伊丽川_摩罗道_高级1	131	0,1,7
782	伊丽川_突骑施_中级1	131	0,1,7
783	伊丽川_突骑施_高级1	131	0,1,7
784	伊丽川_绣骨寺_高级1	131	0,1,7
785	伊丽川_哮蛮谷	131	0,1,7
787	伊丽川_刺客信条_弓月城	131	0,1,7
788	昆仑_北茫山营地	131	0,1,7
789	英雄志_唐简_归家	131	0,1,7
790	扬刀大会_擎霄山	8	3
793	阆风悬城	128	7
794	25人普通阆风悬城	128	7
795	25人英雄阆风悬城	128	7
799	成都小区域_清明节活动	131	0,1,7
801	ACT_大富翁	256	8
804	阆风悬城_元心殿	128	7
807	欢乐谷	128	7
817	阆风悬城_寒刃铸心	131	0,1,7
995	八荒衡鉴_仙踪林	131	0,1,7

# Buff.tab MapBanMask values (top)
''	52200
'0'	8012
'520'	363
'8'	325
'1'	161
'255'	155
'16'	39
'264'	39
'511'	34
'808'	24
'1023'	18
'1007'	17
'1004'	16
'840'	16
'991'	16
'904'	12
'1006'	9
'1020'	8
'937'	8
'895'	7
'510'	7
'776'	6
'24'	5
'1000'	4
'9'	3
'512'	3
'992'	3
'872'	3
'616'	3
'920'	3
'888'	3
'472'	3
'968'	3
'892'	2
'1022'	2
'588'	2
'72'	2
'552'	1
'584'	1
'783'	1
'384'	1
'664'	1
'956'	1
'236'	1
'1014'	1
'1016'	1
'921'	1
'648'	1
'489'	1
'513'	1
'1003'	1
'460'	1
'896'	1
'876'	1
'296'	1
'862'	1

# Buff.tab MapInvalidMask values (top)
'0'	41717
''	19167
'8'	413
'264'	64
'296'	60
'503'	29
'380'	18
'492'	18
'366'	16
'392'	12
'425'	9
'488'	5
'424'	4
'511'	3
'408'	2
'428'	2
'510'	2
'108'	2
'40'	2
'168'	1
'364'	1
'236'	1
'508'	1
'256'	1
'136'	1
'489'	1
'128'	1
'383'	1
'520'	1