94	轨道信息	初时无状态	普通待机/持武待机	战斗待机	游泳待机	游泳移动	奔跑前	转身挪脚	插/拔武器	拾取蹲下	拾取站起	被击	吟唱/拾取准备	普通半身攻击	普通全身攻击	技能半身攻击	技能全身攻击	一段跳跃第一阶段	一段跳跃第二阶段	一段跳跃第三阶段	二段跳跃第一阶段	二段跳跃第二阶段	二段跳跃第三阶段	死亡动作	复活动作	坐下动作	坐起动作	序列动作A(试验)	序列动作B(试验)	序列动作C(试验)	眩晕/冲刺动作	冲刺衔接动作	表情动作	马上普通半身攻击动作	马上普通全身攻击动作	马上被击\闪避	马上拾取蹲下	马上拾取站起	马上拾取准备	马上技能半身攻击动作	马上技能全身攻击动作	马上表情动作	马上永远上半身动作	抬起马前蹄动作	招架	闪避	倒地中动作	倒地中被击动作	序列动作B(躺下动作)	吟唱后半身释放动作	吟唱后全身释放动作	地上可移动通道技动作	可移动吟唱动作	不可移动通道技动作	冲刺全身技能动作	打断低轨技能动作用专用优先级	技能吟唱动作	行走前	奔跑后	行走后	交通工具用待机动作	buff换动作后普通待机	buff换动作后战斗待机	奔跑前	丐帮位移攻击动作	丐帮轻功 	空中上升	空中下降	苍云盾舞动作	眩晕换动作专用	双人表情动作	地上可移动通道技动作(高轨)	奔跑中技能半身动作	天策马上技能	地上可移动通道技动作	啸日技能动作	看看	空中左横移	空中右横移	空中二段后退表现	轻功急坠二段表现	战斗轻功插/拔武器	战斗轻功特殊技能半身动作	丐帮专属通道技动作	凌雪阁通道技动作	凌雪阁地上可移动通道技动作	跳不可移动通道技动作	跳移动读条循环	马上乘龙箭通道	打坐中动作	技能半身攻击_空中	技能全身攻击_空中	buff换动作后普通待机_与60互相打断	buff换动作后战斗待机_与60互相打断	最高优先级
初时无状态	0	0	1	1	1	1	1	1	1	1	1	1	1	1	1	1	1	1	1	1	1	1	1	1	1	1	1	1	1	1	1	1	1	1	1	1	1	1	1	1	1	1	1	1	1	1	1	1	1	1	1	1	1	1	1	1	1	1	1	1	1	1	1	1	1	1	1	1	1	1	1	1	0	1	1	1	1	1	1	1	1	1	1	1	1	1	1	1	1	1	1	1	1	1	1
普通待机/持武待机	0	0	0	1	1	1	1	1	1	1	1	1	1	1	1	1	1	1	1	0	0	1	0	1	1	1	0	1	1	1	1	1	1	1	1	1	1	1	1	1	1	1	1	1	1	1	0	0	1	1	1	1	1	1	1	1	1	1	1	1	1	1	1	1	1	1	1	1	1	1	1	1	0	1	1	1	0	1	1	1	1	1	1	1	1	1	1	1	1	1	1	1	1	1	1
战斗待机	0	0	1	0	1	1	1	0	1	1	1	1	1	1	1	1	1	1	1	0	0	1	0	1	1	1	0	0	0	0	1	1	0	1	1	1	1	1	1	1	1	1	1	1	1	1	0	0	1	1	1	1	1	1	1	1	1	1	1	1	1	1	1	1	1	1	1	1	1	1	0	1	0	1	1	1	1	1	1	1	1	1	1	1	1	1	1	1	1	1	1	1	1	1	1
游泳待机	0	0	1	1	0	1	1	0	0	1	1	0	1	1	1	1	1	1	1	1	1	1	1	1	0	0	0	0	0	0	1	1	0	1	1	1	1	1	1	1	1	1	1	0	1	1	0	0	0	1	1	1	1	1	1	1	1	1	1	1	0	1	1	1	1	1	1	1	1	1	0	1	0	1	1	1	0	1	1	1	1	0	1	1	1	1	1	1	1	0	1	1	1	1	1
游泳移动	0	0	1	1	1	0	1	0	0	0	0	0	0	1	1	1	1	1	1	1	1	1	1	1	0	0	0	1	1	1	1	0	0	1	1	1	0	0	0	1	1	0	1	0	1	1	0	0	1	1	1	1	0	1	1	1	0	1	1	1	0	1	1	1	1	1	1	1	1	1	0	1	0	1	1	1	1	1	1	1	1	0	1	1	1	1	1	1	1	0	1	1	1	1	1
奔跑前	0	0	1	1	1	1	0	1	1	0	0	1	0	1	1	1	1	1	1	0	0	1	0	1	0	0	0	1	1	1	1	0	1	1	1	1	0	0	0	1	1	1	1	1	1	1	0	0	1	1	1	1	0	1	1	1	0	1	1	1	1	1	1	1	1	1	0	1	1	1	1	1	0	1	1	1	1	1	1	1	0	1	1	1	1	1	1	1	1	0	1	1	1	1	1
转身挪脚	0	0	1	1	1	1	1	0	1	1	1	1	1	1	1	1	1	1	0	0	0	0	0	1	0	1	0	1	1	1	1	0	1	1	1	1	1	0	0	1	1	1	1	1	1	1	0	0	0	1	1	1	1	1	1	1	1	1	1	1	1	1	1	1	1	1	1	1	1	1	1	1	0	1	1	1	1	1	1	1	1	1	1	1	1	1	1	1	1	1	1	1	1	1	1
插/拔武器	1	0	0	0	1	1	0	0	1	1	0	0	1	1	1	1	1	0	0	0	1	0	0	1	0	1	0	1	1	1	1	0	0	1	1	1	1	1	1	1	1	0	1	0	1	1	0	0	1	1	1	0	1	0	1	0	1	0	0	0	1	0	0	0	1	1	0	0	0	1	0	0	0	1	0	1	1	0	0	0	1	1	1	0	0	0	0	1	1	1	1	1	0	0	1
拾取蹲下	0	0	1	0	0	1	1	0	0	1	1	0	1	1	1	1	1	1	1	1	1	1	1	1	1	1	1	1	1	1	1	0	0	1	1	1	1	1	1	1	1	0	1	0	0	0	0	0	1	1	1	1	1	1	1	1	1	1	1	1	1	1	0	1	1	1	1	1	1	1	0	1	0	1	1	1	1	1	1	1	1	0	1	1	1	1	1	1	1	1	1	1	1	0	1
拾取站起	0	0	1	0	0	1	1	0	1	1	1	1	1	1	1	1	1	1	1	1	1	1	1	1	0	1	0	1	1	1	1	0	0	1	1	1	0	1	0	1	1	0	1	0	0	0	0	0	1	1	1	1	1	1	1	1	1	1	1	1	1	1	0	1	1	1	1	1	1	1	0	1	0	1	1	1	1	1	1	1	1	1	1	1	1	1	1	1	1	1	1	1	1	0	1
被击	1	0	0	0	0	0	0	0	1	1	0	1	1	1	1	1	1	0	0	0	1	0	0	1	0	1	0	1	1	1	1	0	0	1	1	1	0	1	0	1	1	0	1	0	1	1	0	0	1	1	1	1	1	1	1	1	1	0	0	0	0	0	0	0	1	1	0	0	1	1	0	1	0	1	1	1	1	0	0	0	1	1	1	1	1	1	1	1	1	1	1	1	0	0	1
吟唱/拾取准备	0	0	0	0	0	1	1	0	0	1	0	0	1	1	1	1	1	1	0	0	0	0	0	1	0	1	0	0	0	0	1	0	0	1	1	1	0	1	1	1	1	0	1	1	1	1	0	0	0	1	1	1	1	1	1	1	1	1	1	1	1	0	0	1	1	1	1	1	1	1	0	1	0	1	1	1	1	1	1	1	1	0	1	1	1	1	1	1	1	1	1	1	0	0	1
普通半身攻击	0	0	0	0	0	0	0	0	0	1	0	1	1	1	1	1	1	0	0	0	1	0	0	1	0	1	0	0	0	0	1	0	0	1	1	0	0	0	0	1	1	0	1	0	1	1	0	0	0	1	1	1	1	1	1	1	1	0	0	0	0	0	0	0	1	1	0	0	1	1	0	1	0	1	1	1	1	0	0	0	1	0	1	1	1	1	1	1	1	1	1	1	0	0	1
普通全身攻击	0	0	0	0	0	0	0	0	0	1	0	1	1	0	1	1	1	0	0	0	1	0	0	1	0	1	0	0	0	0	1	0	0	1	1	0	0	0	0	1	1	0	1	0	1	1	0	0	1	0	1	1	1	1	1	1	1	0	0	0	0	0	0	0	1	1	0	0	1	1	0	1	0	1	1	0	1	0	0	0	1	0	1	1	1	1	1	0	1	1	1	1	0	0	1
技能半身攻击	2	0	0	0	0	0	0	0	0	1	0	0	0	1	0	1	1	0	0	0	1	0	0	1	0	0	0	0	0	0	1	0	0	1	1	0	0	0	0	1	1	0	1	0	0	0	0	0	1	1	0	0	0	0	0	0	0	0	0	0	0	0	0	0	1	1	0	0	0	1	0	1	0	1	0	1	1	0	0	0	1	0	1	0	1	0	0	1	1	0	1	1	0	0	1
技能全身攻击	2	0	0	0	0	0	0	0	0	1	0	0	0	0	0	1	1	0	0	0	1	0	0	1	0	1	0	0	0	0	1	0	0	1	1	0	0	0	0	0	1	0	1	0	0	0	0	0	1	0	0	0	0	0	0	0	0	0	0	0	0	0	0	0	1	1	0	0	0	1	0	0	0	1	0	0	1	0	0	0	1	0	1	0	1	0	0	0	1	1	1	1	0	0	1
一段跳跃第一阶段	0	0	1	1	1	1	1	0	1	1	0	1	0	1	1	1	1	0	0	1	1	1	1	1	0	1	0	0	0	0	1	0	1	1	1	1	0	0	0	1	1	0	1	0	1	1	0	0	1	1	1	0	0	0	1	0	0	1	1	1	1	1	1	1	1	1	1	1	1	1	1	0	0	1	0	1	1	1	1	1	1	1	1	0	1	1	1	1	1	1	1	1	1	1	1
一段跳跃第二阶段	0	0	1	1	1	1	1	0	1	0	0	1	0	1	1	1	1	1	0	1	1	1	1	1	0	0	0	0	0	0	1	0	1	1	1	1	0	0	0	1	1	0	1	0	1	1	0	0	1	1	1	0	0	0	1	0	0	1	1	1	1	1	1	1	1	1	1	1	1	1	1	0	0	1	0	1	1	1	1	1	1	1	1	0	1	1	1	1	1	0	1	1	1	1	1
一段跳跃第三阶段	0	0	0	0	1	1	1	1	1	1	0	1	1	1	1	1	1	1	0	0	1	0	0	1	0	1	0	1	1	1	1	0	0	1	1	1	0	0	0	1	1	0	1	0	1	1	0	0	1	1	1	0	1	1	1	0	1	1	1	1	0	0	0	1	1	1	1	1	1	1	0	0	0	1	0	1	1	1	1	1	1	1	1	1	1	1	1	1	1	1	1	1	0	0	1
二段跳跃第一阶段	2	0	1	1	0	0	0	0	0	0	0	0	0	0	0	0	0	0	0	1	0	0	1	1	0	0	0	0	0	0	1	0	0	0	0	0	0	0	0	0	0	0	0	0	0	0	0	0	1	0	0	0	0	0	0	0	0	0	0	0	0	1	1	0	1	1	0	0	1	1	0	0	0	0	0	0	1	0	0	0	0	0	0	0	1	0	1	0	0	0	1	1	1	1	1
二段跳跃第二阶段	0	0	1	1	1	1	1	0	1	0	0	1	0	1	1	1	1	1	1	1	0	0	1	1	0	0	0	0	0	0	1	0	0	1	1	1	0	0	0	1	1	0	1	0	1	1	0	0	1	1	1	0	0	0	1	0	0	1	1	1	1	1	1	1	1	1	1	1	1	1	0	0	0	1	0	1	1	1	1	1	1	1	1	0	1	0	1	1	1	0	1	1	1	1	1
二段跳跃第三阶段	0	0	0	0	1	1	1	1	1	1	0	1	1	1	1	1	1	1	0	0	0	0	0	1	0	1	0	1	1	1	1	0	0	1	1	1	0	0	0	1	1	0	1	0	1	1	0	0	1	1	1	0	1	1	1	0	1	1	1	1	0	0	0	1	1	1	1	1	1	1	0	0	0	1	0	1	1	1	1	1	1	1	1	1	1	0	1	1	1	1	1	1	0	0	1
死亡动作	0	0	0	0	0	0	0	0	0	0	0	0	0	0	0	0	0	0	0	0	0	0	0	0	1	0	0	0	0	0	0	0	0	0	0	0	0	0	0	0	0	0	0	0	0	0	0	1	0	0	0	0	0	0	0	0	0	0	0	0	0	0	0	0	1	1	0	0	0	0	0	0	0	0	0	0	1	0	0	0	0	0	0	0	0	0	0	0	0	0	0	0	0	0	1
复活动作	0	0	0	1	1	1	1	0	1	1	0	0	1	1	1	0	0	1	1	1	1	1	1	0	0	1	0	1	1	1	1	0	0	0	0	0	0	0	0	0	0	0	0	0	0	0	0	0	1	1	1	1	1	1	1	1	1	1	1	1	0	0	1	1	1	1	1	1	1	1	0	1	0	0	1	1	1	1	1	1	0	1	0	1	1	1	1	1	0	1	0	0	0	1	1
坐下动作	0	0	0	0	0	1	1	1	0	0	0	0	1	0	0	1	1	1	0	0	0	0	0	1	0	0	1	0	0	0	1	0	0	0	0	0	0	0	0	0	0	0	0	0	0	0	0	0	1	0	0	0	1	0	0	0	1	1	1	1	0	0	0	1	1	1	1	1	0	1	0	0	0	1	0	0	1	1	1	1	1	0	1	0	0	0	0	0	0	0	1	1	0	0	1
坐起动作	0	0	0	0	0	1	1	0	1	1	0	0	1	1	1	0	0	1	0	0	0	0	0	1	0	1	1	1	1	1	1	0	1	0	0	0	0	0	0	0	0	0	0	0	0	0	0	0	1	1	1	1	1	1	1	1	1	1	1	1	1	0	0	1	1	1	1	1	1	1	1	1	0	0	1	1	1	1	1	1	0	1	0	1	1	1	1	1	0	0	0	0	0	0	1
序列动作A(试验)	0	0	0	1	1	1	1	0	0	0	0	1	1	1	1	1	1	1	0	0	0	0	0	1	0	1	0	1	1	1	1	0	1	0	0	0	0	0	0	0	0	1	0	0	1	1	0	0	1	1	1	1	1	1	1	1	1	1	1	1	1	0	1	1	1	1	1	1	1	1	1	1	0	1	1	1	1	1	1	1	1	0	1	1	1	1	1	1	0	1	1	1	0	1	1
序列动作B(试验)	0	0	0	1	1	1	1	0	0	0	0	1	1	1	1	1	1	1	0	0	0	0	0	1	0	1	1	1	1	1	1	0	1	0	0	0	0	0	0	0	0	1	0	0	1	1	0	0	1	1	1	1	1	1	1	1	1	1	1	1	1	0	1	1	1	1	1	1	1	1	1	1	0	1	1	1	1	1	1	1	1	0	1	1	1	1	1	1	0	1	1	1	0	1	1
序列动作C(试验)	0	0	0	1	1	1	1	0	0	0	0	1	1	1	1	1	1	1	0	0	0	0	0	1	0	1	0	1	1	1	1	0	1	0	0	0	0	0	0	0	0	1	0	0	1	1	0	0	1	1	1	1	1	1	1	1	1	1	1	1	1	0	1	1	1	1	1	1	1	1	1	1	0	1	1	1	1	1	1	1	1	0	1	1	1	1	1	1	0	1	1	1	0	1	1
眩晕/冲刺动作	0	0	1	1	1	1	1	0	0	0	0	0	0	1	1	1	1	0	1	1	0	1	1	1	0	0	0	1	1	1	0	1	0	1	1	1	0	0	0	1	1	0	1	0	0	0	0	0	1	1	1	1	0	1	1	1	0	1	1	1	1	1	1	1	1	1	1	1	1	1	0	1	0	1	1	1	1	1	1	1	1	0	1	1	1	0	1	1	1	0	1	1	1	1	1
冲刺衔接动作	0	0	0	0	0	1	1	0	1	1	1	1	1	1	1	1	1	1	1	1	1	1	1	1	1	1	1	1	1	1	1	1	0	1	1	1	1	1	1	1	1	0	1	1	0	0	0	0	1	1	1	1	1	1	1	1	1	1	1	1	1	0	0	1	1	1	1	1	1	1	0	1	0	1	1	1	1	1	1	1	1	1	1	1	1	1	1	1	1	1	1	1	0	0	1
表情动作	0	0	0	1	1	1	1	1	1	1	1	1	1	1	1	1	1	1	1	1	1	1	1	1	1	1	1	1	1	1	1	1	1	1	1	1	0	0	0	1	1	1	1	0	1	1	0	0	1	1	1	1	1	1	1	1	1	1	1	1	1	0	1	1	1	1	1	1	1	1	1	1	0	1	1	1	1	1	1	1	1	1	1	1	1	1	1	1	1	1	1	1	0	1	1
马上普通半身攻击动作	0	0	0	0	0	0	0	0	0	0	0	0	1	1	1	1	1	0	0	0	1	0	0	1	1	1	1	1	1	1	1	1	0	1	1	0	0	0	0	1	1	0	1	0	0	0	0	0	1	1	1	1	1	1	1	1	1	0	0	0	0	0	0	0	1	1	0	0	0	1	0	1	0	1	1	1	1	0	0	0	1	0	1	1	1	1	1	1	1	1	1	1	0	0	1
马上普通全身攻击动作	0	0	0	0	0	0	0	0	0	0	0	0	1	1	1	1	1	0	0	0	1	0	0	1	1	1	1	1	1	1	1	1	0	1	1	0	0	0	0	1	1	0	1	0	0	0	0	0	1	1	1	1	1	1	1	1	1	0	0	0	0	0	0	0	1	1	0	0	0	1	0	1	0	1	1	1	1	0	0	0	1	0	1	1	1	1	1	1	1	1	1	1	0	0	1
马上被击\闪避	1	0	0	0	0	0	0	0	0	0	0	0	0	1	1	1	1	0	0	0	1	0	0	1	1	1	1	1	1	1	1	1	0	1	1	1	0	0	0	1	1	0	1	0	0	0	0	0	1	1	1	1	0	1	1	1	0	0	0	0	0	0	0	0	1	1	0	0	1	1	0	1	0	1	1	1	1	0	0	0	1	0	1	1	1	1	1	1	1	1	1	1	0	0	1
马上拾取蹲下	0	0	0	0	0	1	1	0	0	0	1	0	0	1	1	1	1	1	1	1	1	1	1	1	1	1	1	0	0	0	1	0	0	1	1	1	1	1	1	1	1	0	1	0	0	0	0	0	0	1	1	1	0	1	1	1	0	1	1	1	0	0	0	1	1	1	1	1	1	1	0	1	0	1	1	1	1	1	1	1	1	0	1	1	1	1	1	1	1	1	1	1	0	0	1
马上拾取站起	0	0	0	0	0	1	1	0	0	1	1	1	0	1	1	1	1	1	1	1	1	1	1	1	1	1	1	0	0	0	1	1	0	1	1	1	0	1	0	1	1	0	1	0	0	0	0	0	0	1	1	1	0	1	1	1	0	1	1	1	0	0	0	1	1	1	1	1	1	1	0	1	0	1	1	1	1	1	1	1	1	0	1	1	1	1	1	1	1	1	1	1	0	0	1
马上拾取准备	0	0	0	0	0	1	1	0	0	0	0	1	1	0	0	1	1	1	1	1	1	1	1	1	1	1	1	1	1	1	1	1	0	1	1	1	0	1	1	1	1	0	1	0	0	0	0	0	1	0	0	0	1	0	0	0	1	1	1	1	0	0	0	1	1	1	1	1	1	1	0	0	0	1	0	0	1	1	1	1	1	0	1	0	0	0	0	0	1	1	1	1	0	0	1
马上技能半身攻击动作	2	0	0	0	0	0	0	0	0	0	0	0	0	0	0	1	1	0	0	0	1	0	0	1	1	1	1	1	1	1	1	1	0	0	0	0	0	0	0	1	1	0	1	0	0	0	0	0	1	0	0	0	0	0	0	0	0	0	0	0	0	0	0	0	1	1	0	0	0	1	0	0	0	1	0	0	1	0	0	0	1	0	1	0	0	0	0	0	1	1	1	1	0	0	1
马上技能全身攻击动作	2	0	0	0	0	0	0	0	0	0	0	0	0	0	0	1	1	0	0	0	1	0	0	1	1	1	1	1	1	1	1	1	0	0	0	0	0	0	0	0	1	0	1	0	0	0	0	0	1	0	0	0	0	0	0	0	0	0	0	0	0	0	0	0	1	1	0	0	0	1	0	0	0	1	0	0	1	0	0	0	1	0	1	0	0	0	0	0	1	1	1	1	0	0	1
马上表情动作	0	0	0	1	1	1	1	1	1	1	1	1	1	1	1	1	1	1	1	1	1	1	1	1	1	1	1	1	1	1	1	1	1	1	1	1	0	0	0	1	1	1	1	1	1	1	0	0	1	1	1	1	1	1	1	1	1	1	1	1	1	0	1	1	1	1	1	1	1	1	1	1	0	1	1	1	1	1	1	1	1	1	1	1	1	1	1	1	1	1	1	1	0	1	1
马上永远上半身动作	0	0	0	0	0	0	0	0	0	0	0	0	0	1	1	1	1	0	0	0	1	1	1	1	1	1	1	1	1	1	1	1	0	1	1	1	0	0	0	1	1	0	1	1	0	0	0	0	1	1	1	1	0	1	1	1	0	0	0	0	0	0	0	0	1	1	0	0	1	1	0	1	0	1	1	1	1	0	0	0	1	0	1	1	1	1	1	1	1	1	1	1	0	0	1
抬起马前蹄动作	0	0	0	1	1	0	1	0	0	1	1	1	1	1	1	1	1	1	1	1	1	1	1	1	1	1	1	0	0	0	1	1	1	1	1	1	1	1	1	1	1	0	1	1	0	0	0	0	0	1	1	1	1	1	1	1	1	1	1	1	1	0	1	1	1	1	1	1	1	1	1	1	0	1	1	1	1	1	1	1	1	0	1	1	1	1	1	1	1	1	1	1	0	1	1
招架	1	0	0	0	0	0	0	0	1	1	0	0	0	1	1	1	1	0	0	0	1	0	0	1	1	0	0	1	1	1	1	1	0	0	0	0	0	0	0	0	0	0	0	0	1	0	0	0	1	1	1	1	0	1	1	1	0	0	0	0	0	0	0	0	1	1	0	0	1	1	0	1	0	1	1	1	1	0	0	0	1	1	1	1	1	1	1	1	0	0	1	1	0	0	1
闪避	1	0	0	0	0	0	0	0	1	1	1	0	0	1	1	1	1	0	0	0	1	0	0	1	1	0	0	1	1	1	1	1	0	0	0	0	0	0	0	0	0	0	0	0	0	1	0	0	1	1	1	1	0	1	1	1	0	0	0	0	0	0	0	0	1	1	0	0	1	1	0	1	0	1	1	1	1	0	0	0	1	1	1	1	1	1	1	1	0	0	1	1	0	0	1
倒地中动作	0	0	0	0	0	0	0	0	0	0	0	0	0	0	0	0	0	0	0	0	0	0	0	1	1	0	0	0	0	0	0	0	0	0	0	0	0	0	0	0	0	0	0	0	0	0	1	1	0	0	0	0	0	0	0	0	0	0	0	0	1	0	0	0	1	1	0	0	0	0	0	0	0	0	0	0	1	0	0	0	0	0	0	0	0	0	0	0	0	0	0	0	0	0	1
倒地中被击动作	1	0	0	0	0	0	0	0	0	0	0	0	0	0	0	0	0	0	0	0	0	0	0	1	1	0	0	0	0	0	0	0	0	0	0	0	0	0	0	0	0	0	0	0	0	0	1	1	0	0	0	0	0	0	0	0	0	0	0	0	0	0	0	0	1	1	0	0	0	0	0	0	0	0	0	0	1	0	0	0	0	0	0	0	0	0	0	0	0	0	0	0	0	0	1
序列动作B(躺下动作)	0	0	0	1	1	1	1	1	0	0	0	1	1	1	1	1	1	1	0	0	0	0	0	1	0	1	1	1	1	1	1	0	1	0	0	0	0	0	0	0	0	1	0	0	1	1	0	1	1	1	1	1	1	1	1	1	1	1	1	1	1	0	1	1	1	1	1	1	1	1	1	1	0	1	1	1	1	1	1	1	1	0	1	1	1	1	1	1	0	1	1	1	0	1	1
吟唱后半身释放动作	0	0	0	0	0	0	0	0	0	1	0	1	1	0	0	1	1	0	0	0	1	0	0	1	0	1	0	0	0	0	1	0	0	1	1	0	0	0	0	1	1	0	1	0	1	1	0	0	0	1	1	1	1	1	1	1	1	0	0	0	0	0	0	0	1	1	0	0	1	1	0	1	0	1	1	1	1	0	0	0	1	0	1	1	1	1	1	1	1	1	1	1	0	0	1
吟唱后全身释放动作	0	0	0	0	0	0	0	0	0	1	0	1	1	0	0	1	1	0	0	0	1	0	0	1	0	1	0	0	0	0	1	0	0	1	1	0	0	0	0	1	1	0	1	0	1	1	0	0	1	0	1	1	1	1	1	1	1	0	0	0	0	0	0	0	1	1	0	0	1	1	0	1	0	1	1	0	1	0	0	0	1	0	1	1	1	1	1	0	1	1	1	1	0	0	1
地上可移动通道技动作	0	0	1	0	0	0	0	0	1	1	1	1	1	1	1	1	1	1	1	1	1	1	1	1	0	1	1	0	0	0	1	0	0	1	1	0	0	0	0	1	1	0	1	0	1	1	0	0	1	0	1	0	1	1	1	1	1	0	0	0	1	1	1	0	1	1	0	0	0	1	0	0	0	1	0	0	1	0	0	0	1	1	1	1	0	0	1	0	1	1	1	1	1	1	1
可移动吟唱动作	0	0	0	0	0	1	0	0	0	1	0	0	1	1	1	1	1	0	0	0	0	0	0	1	0	1	0	0	0	0	1	0	0	1	1	1	0	1	1	1	1	0	1	1	1	1	0	0	0	1	1	1	1	1	1	1	1	0	0	0	1	0	0	0	1	1	0	0	1	1	0	1	0	1	1	1	1	0	0	0	1	0	1	1	1	1	1	1	1	1	1	1	0	0	1
不可移动通道技动作	0	0	0	0	0	1	1	0	1	1	0	1	1	1	1	1	1	1	1	1	1	1	1	1	0	1	1	0	0	0	1	0	0	1	1	0	0	0	0	1	1	0	1	0	1	1	0	0	1	0	1	1	1	0	1	1	1	1	1	1	1	1	1	1	1	1	1	1	1	1	0	1	0	1	1	0	1	1	1	1	1	1	1	1	1	1	0	0	1	1	1	1	1	1	1
冲刺全身技能动作	0	0	0	0	0	0	1	1	1	1	0	1	0	0	0	1	1	0	0	0	1	0	0	1	0	1	0	0	0	0	1	0	0	1	1	0	0	0	0	1	1	0	1	0	1	1	0	0	1	0	1	1	1	1	1	1	0	1	1	1	1	0	0	1	1	1	1	1	1	1	0	1	0	1	1	0	1	1	1	1	1	1	1	1	1	1	1	0	1	1	1	1	0	0	1
打断低轨技能动作用专用优先级	0	0	1	1	1	1	1	1	1	1	1	1	1	1	1	1	1	1	1	1	1	1	1	1	0	1	1	1	1	1	1	0	1	1	1	0	0	0	0	1	1	0	1	0	1	1	0	0	1	0	1	1	1	1	1	1	1	1	1	1	1	1	1	1	1	1	1	1	1	1	1	1	0	1	1	0	1	1	1	1	1	1	1	1	1	1	1	0	1	1	1	1	1	1	1
技能吟唱动作	0	0	1	1	0	1	1	0	0	1	0	0	1	1	1	1	1	1	0	0	0	0	0	1	0	1	0	0	0	0	1	0	0	1	1	1	0	1	1	1	1	0	1	1	1	1	0	0	0	1	1	1	1	1	1	1	1	1	1	1	1	1	1	1	1	1	1	1	1	1	0	1	0	1	1	1	1	1	1	1	1	0	1	1	1	1	1	1	1	1	1	1	1	1	1
行走前	0	0	1	1	1	1	1	1	1	0	0	1	0	1	1	1	1	1	1	0	0	1	0	1	0	0	0	1	1	1	1	0	1	1	1	1	0	0	0	1	1	1	1	1	1	1	0	0	1	1	1	1	0	1	1	1	0	0	1	1	1	1	1	1	1	1	1	1	1	1	1	1	0	1	1	1	1	1	1	1	1	1	1	1	1	1	1	1	1	0	1	1	1	1	1
奔跑后	0	0	1	1	1	1	1	1	1	0	0	1	0	1	1	1	1	1	1	0	0	1	0	1	0	0	0	1	1	1	1	0	1	1	1	1	0	0	0	1	1	1	1	1	1	1	0	0	1	1	1	1	0	1	1	1	0	1	0	1	1	1	1	1	1	1	1	0	1	1	1	1	0	1	1	1	1	1	1	1	1	1	1	1	1	1	1	1	1	0	1	1	1	1	1
行走后	0	0	1	1	1	1	1	1	1	0	0	1	0	1	1	1	1	1	1	0	0	1	0	1	0	0	0	1	1	1	1	0	1	1	1	1	0	0	0	1	1	1	1	1	1	1	0	0	1	1	1	1	0	1	1	1	0	1	1	0	1	1	1	1	1	1	1	1	1	1	1	1	0	1	1	1	1	1	1	1	1	1	1	1	1	1	1	1	1	0	1	1	1	1	1
交通工具用待机动作	0	0	0	0	1	1	1	1	1	1	1	1	1	1	1	1	1	1	1	1	1	1	1	1	1	1	1	1	1	1	0	0	1	1	1	1	0	0	0	1	1	1	1	0	1	1	0	0	1	1	1	1	1	1	1	1	1	1	1	1	1	1	1	1	1	1	1	1	1	0	1	1	0	1	1	1	1	1	1	1	1	1	1	1	1	1	1	1	1	1	1	1	1	1	1
buff换动作后普通待机	0	0	1	1	1	1	1	1	1	1	1	1	1	1	1	1	1	1	1	0	0	1	0	1	1	1	0	1	1	1	1	1	1	1	1	1	1	1	1	1	1	1	1	1	1	1	0	0	1	1	1	1	1	1	1	1	1	1	1	1	1	0	1	1	1	1	1	1	1	1	1	1	0	1	1	1	1	1	1	1	1	1	1	1	1	1	1	1	1	1	1	1	1	1	1
buff换动作后战斗待机	0	0	1	1	1	1	1	0	1	1	1	1	1	1	1	1	1	1	1	0	0	1	0	1	1	1	0	0	0	0	1	1	0	1	1	1	1	1	1	1	1	1	1	1	1	1	0	0	1	1	1	1	1	1	1	1	1	1	1	1	1	1	0	1	1	1	1	1	1	1	0	1	0	1	1	1	1	1	1	1	1	1	1	1	1	1	1	1	1	1	1	1	1	1	1
奔跑前	0	0	1	1	1	1	1	1	1	0	0	1	0	1	1	1	1	1	1	0	0	1	0	1	0	0	0	1	1	1	1	0	1	1	1	1	0	0	0	1	1	1	1	1	1	1	0	0	1	1	1	1	0	1	1	1	0	1	1	1	1	1	1	0	1	1	1	1	1	1	1	1	0	1	1	1	1	1	1	1	1	1	1	1	1	1	1	1	1	0	1	1	1	1	1
丐帮位移攻击动作	0	0	0	0	0	1	1	0	1	1	1	0	1	1	1	1	1	0	0	0	0	0	0	1	0	1	1	0	1	1	1	1	0	1	1	1	0	0	0	1	1	1	1	1	0	0	1	1	1	1	1	1	1	1	1	1	1	1	1	1	1	1	1	1	1	1	1	1	1	1	0	1	0	1	1	1	1	1	1	1	1	1	1	1	1	1	1	1	1	1	1	1	1	1	1
丐帮轻功	2	0	0	0	0	1	1	0	1	1	1	0	1	1	1	1	1	0	0	0	0	0	0	1	0	1	1	0	1	1	1	1	0	1	1	1	0	0	0	1	1	1	1	1	0	0	1	1	1	1	1	1	1	1	1	1	1	1	1	1	1	1	1	1	1	1	1	1	1	1	0	1	0	1	1	1	1	1	1	1	1	1	1	1	1	1	1	1	1	1	1	1	1	1	1
空中上升	0	0	1	1	1	1	0	1	1	0	0	1	0	1	1	1	1	1	1	0	0	1	0	1	0	0	0	1	1	1	1	0	1	1	1	1	0	0	0	1	1	1	1	1	1	1	0	0	1	1	1	1	0	1	1	1	0	1	1	1	1	1	1	1	1	1	0	1	1	1	1	1	0	1	1	1	1	0	1	1	1	1	1	1	1	1	1	1	1	0	1	1	1	1	1
空中下降	0	0	1	1	1	1	1	1	1	0	0	1	0	1	1	1	1	1	1	0	0	1	0	1	0	0	0	1	1	1	1	0	1	1	1	1	0	0	0	1	1	1	1	1	1	1	0	0	1	1	1	1	0	1	1	1	0	1	0	1	1	1	1	1	1	1	1	0	1	1	1	1	0	1	1	1	1	1	1	1	1	1	1	1	1	1	1	1	1	0	1	1	1	1	1
苍云盾舞动作	0	0	1	1	0	0	0	0	1	1	1	0	1	1	1	1	1	1	0	0	1	0	1	1	0	1	1	0	0	0	1	0	0	1	1	0	0	0	0	1	1	0	1	0	1	1	0	0	1	0	1	0	1	1	1	1	1	0	0	0	1	1	1	0	1	1	0	0	0	1	0	0	0	1	0	0	1	0	0	0	1	1	1	1	0	0	1	0	1	1	1	1	1	1	1
眩晕换动作专用	0	0	1	1	1	1	1	0	0	0	0	0	0	1	1	1	1	0	1	1	0	1	1	1	0	0	0	1	1	1	1	1	0	1	1	1	0	0	0	1	1	0	1	0	0	0	0	0	1	1	1	1	0	1	1	1	0	1	1	1	1	1	1	1	1	1	1	1	1	0	0	1	0	1	1	1	1	1	1	1	1	0	1	1	1	1	1	1	1	0	1	1	1	1	1
双人表情动作	0	0	0	1	1	1	1	1	1	1	1	1	1	1	1	1	1	1	1	1	1	1	1	1	1	1	1	1	1	1	1	1	1	1	1	1	0	0	0	1	1	1	1	0	1	1	0	0	1	1	1	1	1	1	1	1	1	1	1	1	1	0	1	1	1	1	1	1	1	1	1	1	0	1	1	1	1	1	1	1	1	1	1	1	1	1	1	1	1	1	1	1	0	1	1
地上可移动通道技动作(高轨)	0	0	1	0	0	0	0	0	1	1	1	1	1	0	0	0	1	1	1	1	1	1	1	1	0	1	1	0	0	0	1	0	0	1	1	0	0	0	0	1	1	0	1	0	1	1	0	0	1	0	1	0	1	1	1	1	1	0	0	0	1	1	1	0	1	1	0	0	0	1	0	0	0	0	0	0	1	0	0	0	1	1	0	1	0	0	1	0	1	1	0	1	1	1	1
奔跑中技能半身动作	0	0	0	0	0	0	0	0	0	0	0	0	0	0	0	0	0	0	0	0	0	0	0	0	0	0	0	0	0	0	0	0	0	0	0	0	0	0	0	0	0	0	0	0	0	0	0	0	0	0	0	0	0	0	0	0	0	0	0	0	0	0	0	0	0	0	0	0	0	0	0	0	0	1	0	0	1	0	0	0	0	0	0	0	0	0	0	0	0	0	0	0	0	0	1
天策马上技能	2	0	0	0	0	0	0	0	0	1	0	0	0	1	0	1	1	0	0	0	1	0	0	1	0	0	0	0	0	0	1	0	0	1	1	0	0	0	0	1	1	0	1	0	0	0	0	0	1	1	0	0	0	0	0	0	0	0	0	0	0	0	0	0	1	1	0	0	0	1	0	1	1	1	0	1	1	0	0	0	1	0	1	0	0	0	0	1	1	0	1	1	0	0	1
地上可移动通道技动作	0	0	1	1	0	0	0	0	1	1	1	1	1	1	1	1	1	1	1	1	1	1	1	1	0	1	1	0	0	0	1	0	0	1	1	0	0	0	0	1	1	0	1	0	1	1	0	0	1	0	1	0	1	1	1	1	1	0	0	0	1	1	1	0	1	1	0	0	0	1	0	0	0	1	0	0	1	0	0	0	1	1	1	1	0	0	1	0	1	1	1	1	1	1	1
啸日技能动作	0	0	0	0	0	0	0	0	0	1	0	1	1	0	0	1	1	0	0	0	1	0	0	1	0	1	0	0	0	0	1	0	0	1	1	0	0	0	0	1	1	0	1	0	1	1	0	0	0	1	1	1	1	1	1	1	1	0	0	0	0	0	0	0	1	1	0	0	1	1	0	1	0	1	1	1	1	0	0	0	1	0	1	1	1	1	1	1	1	1	1	1	0	0	1
看看	0	0	1	0	1	0	0	0	0	0	0	0	0	0	0	0	0	0	0	0	0	0	0	0	0	0	0	0	0	0	0	0	0	0	0	0	0	0	0	0	0	0	0	0	0	0	0	1	0	0	0	0	0	0	0	0	0	0	0	0	0	0	0	0	0	0	0	0	0	0	0	0	0	0	0	0	1	0	0	0	0	0	0	0	0	0	0	0	0	0	0	0	0	0	1
空中左横移	0	0	1	1	1	1	1	1	1	0	0	1	0	1	1	1	1	1	1	0	0	1	0	1	0	0	0	1	1	1	1	0	1	1	1	1	0	0	0	1	1	1	1	1	1	1	0	0	1	1	1	1	0	1	1	1	0	1	1	1	1	1	1	1	1	1	0	1	1	1	1	1	0	1	1	1	1	0	1	1	1	1	1	1	1	1	1	1	1	0	1	1	1	1	1
空中右横移	0	0	1	1	1	1	1	1	1	0	0	1	0	1	1	1	1	1	1	0	0	1	0	1	0	0	0	1	1	1	1	0	1	1	1	1	0	0	0	1	1	1	1	1	1	1	0	0	1	1	1	1	0	1	1	1	0	1	1	1	1	1	1	1	1	1	1	1	1	1	1	1	0	1	1	1	1	1	0	1	1	1	1	1	1	1	1	1	1	0	1	1	1	1	1
空中二段后退表现	0	0	1	1	1	1	1	1	1	0	0	1	0	1	1	1	1	1	1	0	0	1	0	1	0	0	0	1	1	1	1	0	1	1	1	1	0	0	0	1	1	1	1	1	1	1	0	0	1	1	1	1	0	1	1	1	0	1	1	1	1	1	1	1	1	1	1	1	1	1	1	1	0	1	1	1	1	1	1	0	1	1	1	1	1	1	1	1	1	0	1	1	1	1	1
轻功二段急坠	0	0	0	0	0	0	1	0	0	1	0	0	0	0	0	1	1	0	0	0	1	0	0	1	0	1	0	0	0	0	1	0	0	1	1	0	0	0	0	0	1	0	1	0	0	0	0	0	1	0	0	0	0	0	0	0	0	0	1	0	0	0	0	0	1	1	0	0	0	1	0	0	0	1	0	0	1	0	0	0	1	0	1	0	0	0	0	0	1	1	1	1	0	0	1
战斗轻功插/拔武器	1	0	0	0	1	1	0	0	1	1	0	0	1	1	1	1	1	0	0	0	1	0	0	1	0	1	0	1	1	1	1	0	0	1	1	1	1	1	1	1	1	0	1	0	1	1	0	0	1	1	1	0	1	0	1	0	1	0	0	0	1	0	0	0	1	1	0	0	0	1	0	0	0	1	0	1	1	0	0	0	1	1	1	0	0	0	0	1	1	1	1	1	0	0	1
战斗轻功特殊技能半身动作	2	0	0	0	0	0	0	0	0	1	0	0	0	1	0	1	1	0	0	0	1	0	0	1	0	0	0	0	0	0	1	0	0	1	1	0	0	0	0	1	1	0	1	0	0	0	0	0	1	1	0	0	0	0	0	0	0	0	0	0	0	0	0	0	1	1	0	0	0	1	0	1	0	1	0	1	1	0	0	0	1	0	1	0	0	0	0	1	1	0	1	1	0	0	1
丐帮专属通道技动作	0	0	0	0	0	1	1	0	1	1	0	1	1	1	1	1	1	1	1	1	1	1	1	1	0	1	1	0	0	0	1	0	0	1	1	0	0	0	0	1	1	0	1	0	1	1	0	0	1	0	1	1	1	1	1	1	1	1	1	1	1	1	1	1	1	1	1	1	1	1	0	1	0	1	1	0	1	1	1	1	1	1	1	0	1	1	1	0	1	1	1	1	1	1	1
凌雪阁通道技动作	2	0	1	0	0	0	0	0	1	1	1	1	1	1	1	0	1	0	0	0	0	0	0	1	0	1	1	0	0	0	0	0	0	1	1	0	0	0	0	1	1	0	1	0	1	1	0	0	1	0	1	0	1	1	1	1	1	0	0	0	1	1	1	0	1	1	0	0	0	1	0	0	0	1	0	0	1	0	0	0	1	1	1	1	0	0	1	0	1	1	0	1	1	1	1
凌雪阁地上可移动通道技动作	0	0	1	0	0	0	0	0	1	1	1	1	1	1	1	1	1	0	0	0	1	1	1	1	0	1	1	0	0	0	1	0	0	1	1	0	0	0	0	1	1	0	1	0	1	1	0	0	1	0	1	0	1	1	1	1	1	0	0	0	1	1	1	0	1	1	0	0	0	1	0	0	0	1	0	0	1	0	0	0	1	1	1	1	0	0	1	0	1	1	1	1	1	1	1
跳不可移动通道技动作	0	0	1	0	0	1	1	0	1	1	0	1	1	1	1	1	1	0	0	0	0	0	0	1	0	1	1	0	0	0	1	0	0	1	1	0	0	0	0	1	1	0	1	0	1	1	0	0	1	0	1	1	1	0	1	1	1	1	1	1	1	1	1	1	1	1	1	1	1	1	0	1	0	1	1	0	1	1	1	1	1	1	1	1	1	1	0	0	1	1	1	1	1	1	1
跳移动读条循环	0	0	1	1	0	0	0	0	0	1	0	1	1	0	0	1	1	0	0	0	1	0	0	1	0	1	0	0	0	0	1	0	0	1	1	0	0	0	0	1	1	0	1	0	1	1	0	0	0	1	1	1	1	1	1	1	1	0	0	0	0	0	0	0	1	1	0	0	1	1	0	1	0	1	1	1	1	0	0	0	1	0	1	1	1	1	1	1	1	1	1	1	0	0	1
马上乘龙箭通道	0	0	0	0	0	0	0	0	0	0	0	0	0	1	1	1	1	0	0	0	1	1	1	1	1	1	1	1	1	1	1	1	0	1	1	1	0	0	0	1	1	0	1	1	0	0	0	0	1	1	1	1	0	1	1	1	0	0	0	0	0	0	0	0	1	1	0	0	1	1	0	1	0	1	1	1	1	0	0	0	1	0	1	1	1	1	1	1	0	1	1	1	0	0	1
打坐中动作	0	0	0	0	0	1	1	1	0	0	0	0	1	0	0	1	1	1	0	0	0	0	0	1	0	0	1	0	0	0	1	0	0	0	0	0	0	0	0	0	0	0	0	0	0	0	0	0	1	0	0	0	1	0	0	0	1	1	1	1	0	0	0	1	1	1	1	1	0	1	0	0	0	1	0	0	1	1	1	1	1	0	1	0	0	0	0	0	0	0	1	1	0	0	1
技能半身攻击_空中	2	0	0	0	0	0	0	0	0	1	0	0	0	1	0	1	1	0	0	0	1	0	0	1	0	0	0	0	0	0	1	0	0	1	1	0	0	0	0	1	1	0	1	0	0	0	0	0	1	1	0	0	0	0	0	0	0	0	0	0	0	0	0	0	1	1	0	0	0	1	0	1	0	1	0	1	1	0	0	0	1	0	1	0	1	0	0	1	1	0	1	1	0	0	1
技能全身攻击_空中	2	0	0	0	0	0	0	0	0	1	0	0	0	0	0	1	1	0	0	0	1	0	0	1	0	1	0	0	0	0	1	0	0	1	1	0	0	0	0	0	1	0	1	0	0	0	0	0	1	0	0	0	0	0	0	0	0	0	0	0	0	0	0	0	1	1	0	0	0	1	0	0	0	1	0	0	1	0	0	0	1	0	1	0	1	0	0	0	1	1	1	1	0	0	1
buff换动作后普通待机_与60互相打断	0	0	1	1	1	1	1	1	1	1	1	1	1	1	1	1	1	1	1	0	0	1	0	1	1	1	0	1	1	1	1	1	1	1	1	1	1	1	1	1	1	1	1	1	1	1	0	0	1	1	1	1	1	1	1	1	1	1	1	1	1	1	1	1	1	1	1	1	1	1	1	1	0	1	1	1	1	1	1	1	1	1	1	1	1	1	1	1	1	1	1	1	0	1	1
buff换动作后战斗待机_与60互相打断	0	0	1	1	1	1	1	0	1	1	1	1	1	1	1	1	1	1	1	0	0	1	0	1	1	1	0	0	0	0	1	1	0	1	1	1	1	1	1	1	1	1	1	1	1	1	0	0	1	1	1	1	1	1	1	1	1	1	1	1	1	1	1	1	1	1	1	1	1	1	0	1	0	1	1	1	1	1	1	1	1	1	1	1	1	1	1	1	1	1	1	1	1	0	1
最高优先级	0	0	0	0	0	0	0	0	0	0	0	0	0	0	0	0	0	0	0	0	0	0	0	0	0	0	0	0	0	0	0	0	0	0	0	0	0	0	0	0	0	0	0	0	0	0	0	0	0	0	0	0	0	0	0	0	0	0	0	0	0	0	0	0	0	0	0	0	0	0	0	0	0	0	0	0	0	0	0	0	0	0	0	0	0	0	0	0	0	0	0	0	0	0	1
